%time,field.header.seq,field.header.stamp,field.header.frame_id,field.pose.position.x,field.pose.position.y,field.pose.position.z,field.pose.orientation.x,field.pose.orientation.y,field.pose.orientation.z,field.pose.orientation.w
1624447544472155155,3586,1624447544473047037,iri_wam_link_base,-0.000405452600737,-0.400650201805,0.344514379956,0.705554783344,0.708642303944,0.00110773870256,0.00415865238756
1624447544472516907,3587,1624447544473472799,iri_wam_link_base,-0.000405452600737,-0.400650201805,0.344514379956,0.705554783344,0.708642303944,0.00110773870256,0.00415865238756
1624447544572318396,3588,1624447544573180498,iri_wam_link_base,-0.000401566714332,-0.400671505062,0.344537745881,0.705533802509,0.708662807941,0.00107098498847,0.00423929328099
1624447544573770610,3589,1624447544573573858,iri_wam_link_base,-0.000401566714332,-0.400671505062,0.344537745881,0.705533802509,0.708662807941,0.00107098498847,0.00423929328099
1624447544672528957,3590,1624447544673313987,iri_wam_link_base,-0.000405452600737,-0.400650201805,0.344514379956,0.705554783344,0.708642303944,0.00110773870256,0.00415865238756
1624447544673934171,3591,1624447544674643123,iri_wam_link_base,-0.000406287281035,-0.400631512643,0.34453611219,0.705518305302,0.708678543568,0.00108915823512,0.00417870376259
1624447544772551704,3592,1624447544773446206,iri_wam_link_base,-0.000405452600737,-0.400650201805,0.344514379956,0.705554783344,0.708642303944,0.00110773870256,0.00415865238756
1624447544773934674,3593,1624447544774857240,iri_wam_link_base,-0.000401566714332,-0.400671505062,0.344537745881,0.705570161343,0.708626568317,0.00107120280154,0.00423923833296
1624447544873623176,3594,1624447544873578840,iri_wam_link_base,-0.000405431468409,-0.400666605332,0.344537695265,0.705554366112,0.708642601967,0.0010772269452,0.00418839184567
1624447544874018593,3595,1624447544874960083,iri_wam_link_base,-0.000405660046211,-0.400659830354,0.344514420559,0.705554902554,0.708641946316,0.00105051754508,0.00421322276816
1624447544973994023,3596,1624447544974653836,iri_wam_link_base,-0.000405452600737,-0.400650201805,0.344514379956,0.705518424511,0.708678543568,0.00110752519686,0.00415870919824
1624447544974164316,3597,1624447544975068439,iri_wam_link_base,-0.000405452600737,-0.400650201805,0.344514379956,0.705518424511,0.708678543568,0.00110752519686,0.00415870919824
1624447545074128886,3598,1624447545074867408,iri_wam_link_base,-0.000405452600737,-0.400650201805,0.344514379956,0.705554783344,0.708642303944,0.00110773870256,0.00415865238756
1624447545074230486,3599,1624447545075173430,iri_wam_link_base,-0.000405452600737,-0.400650201805,0.344514379956,0.705554783344,0.708642303944,0.00110773870256,0.00415865238756
1624447545174165989,3600,1624447545174998943,iri_wam_link_base,-0.000405452600737,-0.400650201805,0.344514379956,0.705554783344,0.708642303944,0.00110773870256,0.00415865238756
1624447545174338424,3601,1624447545175277396,iri_wam_link_base,-0.000405452600737,-0.400650201805,0.344514379956,0.705554783344,0.708642303944,0.00110773870256,0.00415865238756
1624447545274330791,3602,1624447545275130259,iri_wam_link_base,-0.000405431468409,-0.400666605332,0.344537695265,0.705554366112,0.708642601967,0.0010772269452,0.00418839184567
1624447545274436505,3603,1624447545275373764,iri_wam_link_base,-0.000405431468409,-0.400666605332,0.344537695265,0.705554366112,0.708642601967,0.0010772269452,0.00418839184567
1624447545374434294,3604,1624447545375259864,iri_wam_link_base,-0.000421576853006,-0.400640733334,0.344525371579,0.705534338951,0.708662629128,0.00109572347719,0.00416641309857
1624447545374525506,3605,1624447545375469565,iri_wam_link_base,-0.000421576853006,-0.400640733334,0.344525371579,0.705534338951,0.708662629128,0.00109572347719,0.00416641309857
1624447545474524316,3606,1624447545475389744,iri_wam_link_base,-0.000405452600737,-0.400650201805,0.344514379956,0.705518424511,0.708678543568,0.00110752519686,0.00415870919824
1624447545474649367,3607,1624447545475566017,iri_wam_link_base,-0.000405452600737,-0.400650201805,0.344514379956,0.705518424511,0.708678543568,0.00110752519686,0.00415870919824
1624447545574695954,3608,1624447545575520742,iri_wam_link_base,-0.000405452600737,-0.400650201805,0.344514379956,0.705554783344,0.708642303944,0.00110773870256,0.00415865238756
1624447545575825439,3609,1624447545575660023,iri_wam_link_base,-0.000405452600737,-0.400650201805,0.344514379956,0.705554783344,0.708642303944,0.00110773870256,0.00415865238756
1624447545675850270,3610,1624447545675651528,iri_wam_link_base,-0.000417712323151,-0.400645633244,0.344525421894,0.705550134182,0.708646655083,0.00108969479334,0.00421725818887
1624447545675969288,3611,1624447545676884624,iri_wam_link_base,-0.000409524799652,-0.400654930794,0.344514370236,0.705502748489,0.708694159985,0.00105632888153,0.00416243169457
1624447545776023812,3612,1624447545776890817,iri_wam_link_base,-0.000421576853006,-0.400640733334,0.344525371579,0.705534338951,0.708662629128,0.00109572347719,0.00416641309857
1624447545776093136,3613,1624447545777027796,iri_wam_link_base,-0.000421576853006,-0.400640733334,0.344525371579,0.705534338951,0.708662629128,0.00109572347719,0.00416641309857
1624447545876150051,3614,1624447545877001885,iri_wam_link_base,-0.000405452600737,-0.400650201805,0.344514379956,0.705554783344,0.708642303944,0.00110773870256,0.00415865238756
1624447545876200002,3615,1624447545877130693,iri_wam_link_base,-0.000405452600737,-0.400650201805,0.344514379956,0.705554783344,0.708642303944,0.00110773870256,0.00415865238756
1624447545976246549,3616,1624447545977123697,iri_wam_link_base,-0.000409524799652,-0.400654930794,0.344514370236,0.705502748489,0.708694159985,0.00105632888153,0.00416243169457
1624447545976305347,3617,1624447545977247557,iri_wam_link_base,-0.000409524799652,-0.400654930794,0.344514370236,0.705502748489,0.708694159985,0.00105632888153,0.00416243169457
1624447546076375047,3618,1624447546077227242,iri_wam_link_base,-0.000421556328909,-0.400657136222,0.344548687337,0.705533921719,0.708662927151,0.00106520950794,0.00419614976272
1624447546076414059,3619,1624447546077350389,iri_wam_link_base,-0.000421556328909,-0.400657136222,0.344548687337,0.705533921719,0.708662927151,0.00106520950794,0.00419614976272
1624447546176456476,3620,1624447546177347061,iri_wam_link_base,-0.000405452600737,-0.400650201805,0.344514379956,0.705554783344,0.708642303944,0.00110773870256,0.00415865238756
1624447546176528552,3621,1624447546177468697,iri_wam_link_base,-0.000405452600737,-0.400650201805,0.344514379956,0.705554783344,0.708642303944,0.00110773870256,0.00415865238756
1624447546276626141,3622,1624447546277448347,iri_wam_link_base,-0.000425649265219,-0.40064546214,0.344525362011,0.70551866293,0.708678305149,0.00104452681262,0.0041701332666
1624447546276688000,3623,1624447546277572753,iri_wam_link_base,-0.000425649265219,-0.40064546214,0.344525362011,0.70551866293,0.708678305149,0.00104452681262,0.0041701332666
1624447546376784860,3624,1624447546377566057,iri_wam_link_base,-0.000425649265219,-0.40064546214,0.344525362011,0.70551866293,0.708678305149,0.00104452681262,0.0041701332666
1624447546377743247,3625,1624447546377690147,iri_wam_link_base,-0.000425649265219,-0.40064546214,0.344525362011,0.70551866293,0.708678305149,0.00104452681262,0.0041701332666
1624447546477731324,3626,1624447546477669653,iri_wam_link_base,-0.000425649265219,-0.40064546214,0.344525362011,0.705555021763,0.708642065525,0.00104474101681,0.00417007924989
1624447546477892344,3627,1624447546478756425,iri_wam_link_base,-0.000409524799652,-0.400654930794,0.344514370236,0.705539166927,0.708657920361,0.00105654262006,0.00416237767786
1624447546578044165,3628,1624447546578754134,iri_wam_link_base,-0.000425649265219,-0.40064546214,0.344525362011,0.705555021763,0.708642065525,0.00104474101681,0.00417007924989
1624447546578115152,3629,1624447546578979779,iri_wam_link_base,-0.000425649265219,-0.40064546214,0.344525362011,0.705555021763,0.708642065525,0.00104474101681,0.00417007924989
1624447546678135553,3630,1624447546678943833,iri_wam_link_base,-0.000401587850214,-0.400655101542,0.344514430159,0.705570578575,0.708626329899,0.00110171374399,0.00420949794352
1624447546678205093,3631,1624447546679083057,iri_wam_link_base,-0.000401587850214,-0.400655101542,0.344514430159,0.705570578575,0.708626329899,0.00110171374399,0.00420949794352
1624447546778194558,3632,1624447546779081367,iri_wam_link_base,-0.000421576853006,-0.400640733334,0.344525371579,0.705570757389,0.708626389503,0.00109593733214,0.0041663562879
1624447546778259476,3633,1624447546779204432,iri_wam_link_base,-0.000421576853006,-0.400640733334,0.344525371579,0.705570757389,0.708626389503,0.00109593733214,0.0041663562879
1624447546878307709,3634,1624447546879180643,iri_wam_link_base,-0.000409524799652,-0.400654930794,0.344514370236,0.705539166927,0.708657920361,0.00105654262006,0.00416237767786
1624447546878385017,3635,1624447546879304725,iri_wam_link_base,-0.000409524799652,-0.400654930794,0.344514370236,0.705539166927,0.708657920361,0.00105654262006,0.00416237767786
1624447546978523624,3636,1624447546979300537,iri_wam_link_base,-0.000405452600737,-0.400650201805,0.344514379956,0.705518424511,0.708678543568,0.00110752519686,0.00415870919824
1624447546978551039,3637,1624447546979422845,iri_wam_link_base,-0.000405452600737,-0.400650201805,0.344514379956,0.705518424511,0.708678543568,0.00110752519686,0.00415870919824
1624447547078588742,3638,1624447547079406486,iri_wam_link_base,-0.000409524799652,-0.400654930794,0.344514370236,0.705502748489,0.708694159985,0.00105632888153,0.00416243169457
1624447547078634845,3639,1624447547079544708,iri_wam_link_base,-0.000409524799652,-0.400654930794,0.344514370236,0.705502748489,0.708694159985,0.00105632888153,0.00416243169457
1624447547178687825,3640,1624447547179526241,iri_wam_link_base,-0.000405431468409,-0.400666605332,0.344537695265,0.705554366112,0.708642601967,0.0010772269452,0.00418839184567
1624447547179407857,3641,1624447547179650862,iri_wam_link_base,-0.000405431468409,-0.400666605332,0.344537695265,0.705554366112,0.708642601967,0.0010772269452,0.00418839184567
1624447547278793241,3642,1624447547279644876,iri_wam_link_base,-0.000421576853006,-0.400640733334,0.344525371579,0.705570757389,0.708626389503,0.00109593733214,0.0041663562879
1624447547279806561,3643,1624447547279780236,iri_wam_link_base,-0.000421576853006,-0.400640733334,0.344525371579,0.705570757389,0.708626389503,0.00109593733214,0.0041663562879
1624447547379858745,3644,1624447547379757162,iri_wam_link_base,-0.000425649265219,-0.40064546214,0.344525362011,0.70551866293,0.708678305149,0.00104452681262,0.0041701332666
1624447547379950260,3645,1624447547380869221,iri_wam_link_base,-0.000409524799652,-0.400654930794,0.344514370236,0.705502748489,0.708694159985,0.00105632888153,0.00416243169457
1624447547480096865,3646,1624447547480845593,iri_wam_link_base,-0.000405452600737,-0.400650201805,0.344514379956,0.705554783344,0.708642303944,0.00110773870256,0.00415865238756
1624447547480201148,3647,1624447547481059086,iri_wam_link_base,-0.000405452600737,-0.400650201805,0.344514379956,0.705554783344,0.708642303944,0.00110773870256,0.00415865238756
1624447547580161622,3648,1624447547581020833,iri_wam_link_base,-0.000390141325095,-0.400657383601,0.344548436678,0.705538272858,0.708658516407,0.00107066310011,0.00420068390667
1624447547580285826,3649,1624447547581166668,iri_wam_link_base,-0.000390141325095,-0.400657383601,0.344548436678,0.705538272858,0.708658516407,0.00107066310011,0.00420068390667
1624447547680291309,3650,1624447547681162052,iri_wam_link_base,-0.000405452600737,-0.400650201805,0.344514379956,0.705554783344,0.708642303944,0.00110773870256,0.00415865238756
1624447547680423318,3651,1624447547681296747,iri_wam_link_base,-0.000405452600737,-0.400650201805,0.344514379956,0.705554783344,0.708642303944,0.00110773870256,0.00415865238756
1624447547780420625,3652,1624447547781266777,iri_wam_link_base,-0.000421576853006,-0.400640733334,0.344525371579,0.705534338951,0.708662629128,0.00109572347719,0.00416641309857
1624447547780522685,3653,1624447547781398909,iri_wam_link_base,-0.000421576853006,-0.400640733334,0.344525371579,0.705534338951,0.708662629128,0.00109572347719,0.00416641309857
1624447547880583539,3654,1624447547881398973,iri_wam_link_base,-0.000425628737743,-0.400661865032,0.344548678176,0.705518245697,0.708678603172,0.00101401214488,0.00419986946508
1624447547880648145,3655,1624447547881529041,iri_wam_link_base,-0.000425628737743,-0.400661865032,0.344548678176,0.705518245697,0.708678603172,0.00101401214488,0.00419986946508
1624447547980662023,3656,1624447547981507111,iri_wam_link_base,-0.000409524799652,-0.400654930794,0.344514370236,0.705539166927,0.708657920361,0.00105654262006,0.00416237767786
1624447547980722168,3657,1624447547981637707,iri_wam_link_base,-0.000409524799652,-0.400654930794,0.344514370236,0.705539166927,0.708657920361,0.00105654262006,0.00416237767786
1624447548080744784,3658,1624447548081627329,iri_wam_link_base,-0.000405452600737,-0.400650201805,0.344514379956,0.705554783344,0.708642303944,0.00110773870256,0.00415865238756
1624447548080823583,3659,1624447548081756992,iri_wam_link_base,-0.000405452600737,-0.400650201805,0.344514379956,0.705554783344,0.708642303944,0.00110773870256,0.00415865238756
1624447548180929639,3660,1624447548181741448,iri_wam_link_base,-0.000425649265219,-0.40064546214,0.344525362011,0.70551866293,0.708678305149,0.00104452681262,0.0041701332666
1624447548182073578,3661,1624447548181870547,iri_wam_link_base,-0.000425649265219,-0.40064546214,0.344525362011,0.70551866293,0.708678305149,0.00104452681262,0.0041701332666
1624447548282077005,3662,1624447548281859461,iri_wam_link_base,-0.000405452600737,-0.400650201805,0.344514379956,0.705554783344,0.708642303944,0.00110773870256,0.00415865238756
1624447548282162503,3663,1624447548283067521,iri_wam_link_base,-0.000409524799652,-0.400654930794,0.344514370236,0.705539166927,0.708657920361,0.00105654262006,0.00416237767786
1624447548382318948,3664,1624447548383050520,iri_wam_link_base,-0.000409524799652,-0.400654930794,0.344514370236,0.705502748489,0.708694159985,0.00105632888153,0.00416243169457
1624447548383142357,3665,1624447548383191758,iri_wam_link_base,-0.000409524799652,-0.400654930794,0.344514370236,0.705502748489,0.708694159985,0.00105632888153,0.00416243169457
1624447548482336869,3666,1624447548483185373,iri_wam_link_base,-0.000461116013477,-0.403416032007,0.34829044769,0.70530462265,0.708831012249,-0.00465457746759,0.0090754982084
1624447548482418006,3667,1624447548483314038,iri_wam_link_base,-0.000461116013477,-0.403416032007,0.34829044769,0.70530462265,0.708831012249,-0.00465457746759,0.0090754982084
1624447548582495600,3668,1624447548583290934,iri_wam_link_base,-0.000272834732885,-0.413273807978,0.364012186448,0.705079197884,0.708341419697,-0.0210796725005,0.0259113591164
1624447548582745783,3669,1624447548583421088,iri_wam_link_base,-0.000272834732885,-0.413273807978,0.364012186448,0.705079197884,0.708341419697,-0.0210796725005,0.0259113591164
1624447548682577048,3670,1624447548683411065,iri_wam_link_base,-7.93926394478e-05,-0.421705851483,0.380502352827,0.70457559824,0.70871090889,-0.0247005987912,0.0263043101877
1624447548682678065,3671,1624447548683536618,iri_wam_link_base,-7.93926394478e-05,-0.421705851483,0.380502352827,0.70457559824,0.70871090889,-0.0247005987912,0.0263043101877
1624447548782868097,3672,1624447548783520992,iri_wam_link_base,0.000170528493375,-0.431677131852,0.389168669892,0.705025672913,0.7080758214,-0.0281138271093,0.0278759971261
1624447548782889994,3673,1624447548783676591,iri_wam_link_base,0.000170528493375,-0.431677131852,0.389168669892,0.705025672913,0.7080758214,-0.0281138271093,0.0278759971261
1624447548882791122,3674,1624447548883636541,iri_wam_link_base,-0.00344576037972,-0.447977699658,0.393460658365,0.70662933588,0.706129789352,-0.0355771891773,0.0281077455729
1624447548882827387,3675,1624447548883778920,iri_wam_link_base,-0.00344576037972,-0.447977699658,0.393460658365,0.70662933588,0.706129789352,-0.0355771891773,0.0281077455729
1624447548982932752,3676,1624447548983775917,iri_wam_link_base,-0.0155788247069,-0.47313664416,0.389332687936,0.708588719368,0.703864753246,-0.0433218441904,0.0244868695736
1624447548983897428,3677,1624447548983897526,iri_wam_link_base,-0.0155788247069,-0.47313664416,0.389332687936,0.708588719368,0.703864753246,-0.0433218441904,0.0244868695736
1624447549084023054,3678,1624447549083880194,iri_wam_link_base,-0.0295715846972,-0.503710137176,0.386328942548,0.708557367325,0.704096674919,-0.0415997989476,0.0215348787606
1624447549084086241,3679,1624447549084948132,iri_wam_link_base,-0.0297935885544,-0.504304565273,0.386365101758,0.708447158337,0.704210340977,-0.0416466556489,0.0213542524725
1624447549184146121,3680,1624447549184959362,iri_wam_link_base,-0.0416883011038,-0.534016897494,0.388688111383,0.708888947964,0.704123616219,-0.0364870727062,0.018845859915
1624447549184251287,3681,1624447549185185689,iri_wam_link_base,-0.0416883011038,-0.534016897494,0.388688111383,0.708888947964,0.704123616219,-0.0364870727062,0.018845859915
1624447549284273950,3682,1624447549285138076,iri_wam_link_base,-0.0544748820689,-0.557461672715,0.386448937567,0.708064377308,0.704987764359,-0.0374379195273,0.0153452036902
1624447549284348832,3683,1624447549285280768,iri_wam_link_base,-0.0544748820689,-0.557461672715,0.386448937567,0.708064377308,0.704987764359,-0.0374379195273,0.0153452036902
1624447549384405779,3684,1624447549385280696,iri_wam_link_base,-0.0646776890479,-0.576785688415,0.384118730811,0.708130955696,0.704482614994,-0.0452304892242,0.0144570702687
1624447549384485593,3685,1624447549385407763,iri_wam_link_base,-0.0646776890479,-0.576785688415,0.384118730811,0.708130955696,0.704482614994,-0.0452304892242,0.0144570702687
1624447549484610036,3686,1624447549485381309,iri_wam_link_base,-0.0733501307106,-0.595792298975,0.385614697834,0.707889378071,0.703993737698,-0.0544725507498,0.0178397689015
1624447549484667949,3687,1624447549485509988,iri_wam_link_base,-0.0733501307106,-0.595792298975,0.385614697834,0.707889378071,0.703993737698,-0.0544725507498,0.0178397689015
1624447549584639728,3688,1624447549585508810,iri_wam_link_base,-0.0851856065265,-0.61708138325,0.384756395236,0.707683563232,0.703831315041,-0.0581578947604,0.020569678396
1624447549584699843,3689,1624447549585636236,iri_wam_link_base,-0.0851856065265,-0.61708138325,0.384756395236,0.707683563232,0.703831315041,-0.0581578947604,0.020569678396
1624447549684725557,3690,1624447549685612301,iri_wam_link_base,-0.0929227885434,-0.638695205307,0.375592327018,0.709114253521,0.703386247158,-0.0439483039081,0.0217562615871
1624447549684813695,3691,1624447549685728002,iri_wam_link_base,-0.0929227885434,-0.638695205307,0.375592327018,0.709114253521,0.703386247158,-0.0439483039081,0.0217562615871
1624447549784851612,3692,1624447549785738276,iri_wam_link_base,-0.0927997592576,-0.655319164355,0.357435575207,0.708146512508,0.704916000366,-0.0372892543674,0.0152140241116
1624447549784920725,3693,1624447549785863635,iri_wam_link_base,-0.0927997592576,-0.655319164355,0.357435575207,0.708146512508,0.704916000366,-0.0372892543674,0.0152140241116
1624447549884994877,3694,1624447549885850097,iri_wam_link_base,-0.0915970755747,-0.665461090547,0.345536212254,0.707602441311,0.705655574799,-0.0350996106863,0.010816058144
1624447549886174790,3695,1624447549885982920,iri_wam_link_base,-0.0915970755747,-0.665461090547,0.345536212254,0.707602441311,0.705655574799,-0.0350996106863,0.010816058144
1624447549986003026,3696,1624447549985959246,iri_wam_link_base,-0.0915240284649,-0.672138978851,0.338339361535,0.707651376724,0.705586016178,-0.0358892790973,0.00947510730475
1624447549986270031,3697,1624447549987237680,iri_wam_link_base,-0.0915199704566,-0.67228557402,0.33813232103,0.707675635815,0.705560922623,-0.0358800701797,0.00956996716559
1624447550086202591,3698,1624447550087038819,iri_wam_link_base,-0.0881435899513,-0.675965685044,0.331414607329,0.707458555698,0.706224560738,-0.0244891550392,0.0122279403731
1624447550086375399,3699,1624447550087341032,iri_wam_link_base,-0.0881435899513,-0.675965685044,0.331414607329,0.707458555698,0.706224560738,-0.0244891550392,0.0122279403731
1624447550186389821,3700,1624447550187241249,iri_wam_link_base,-0.0823519120693,-0.673953462219,0.33511835031,0.706788539886,0.707172811031,-0.00926778651774,0.0164539255202
1624447550186484800,3701,1624447550187446904,iri_wam_link_base,-0.0823519120693,-0.673953462219,0.33511835031,0.706788539886,0.707172811031,-0.00926778651774,0.0164539255202
1624447550286601092,3702,1624447550287389260,iri_wam_link_base,-0.0719775284158,-0.669706420238,0.34178298351,0.705116629601,0.708975017071,0.00274777924642,0.0125477844849
1624447550286680579,3703,1624447550287562411,iri_wam_link_base,-0.0719775284158,-0.669706420238,0.34178298351,0.705116629601,0.708975017071,0.00274777924642,0.0125477844849
1624447550386704212,3704,1624447550387556410,iri_wam_link_base,-0.0589999113852,-0.665205150681,0.348334902303,0.705275952816,0.708846271038,0.00939152389765,0.00588040985167
1624447550386762772,3705,1624447550387688698,iri_wam_link_base,-0.0589999113852,-0.665205150681,0.348334902303,0.705275952816,0.708846271038,0.00939152389765,0.00588040985167
1624447550486794503,3706,1624447550487668697,iri_wam_link_base,-0.0399200000616,-0.655125455431,0.343886024687,0.705019772053,0.708364665508,0.0339709855616,-0.00354632968083
1624447550486872338,3707,1624447550487796623,iri_wam_link_base,-0.0399200000616,-0.655125455431,0.343886024687,0.705019772053,0.708364665508,0.0339709855616,-0.00354632968083
1624447550586914125,3708,1624447550587787788,iri_wam_link_base,-0.0113577042202,-0.633673489455,0.324281813589,0.703553080559,0.708601891994,0.048972979188,-0.0223165545613
1624447550586969864,3709,1624447550587913919,iri_wam_link_base,-0.0113577042202,-0.633673489455,0.324281813589,0.703553080559,0.708601891994,0.048972979188,-0.0223165545613
1624447550687066585,3710,1624447550687895961,iri_wam_link_base,0.0227836372012,-0.600034135975,0.304419522425,0.703527927399,0.709416270256,0.0344267860055,-0.0243293829262
1624447550688086272,3711,1624447550688025300,iri_wam_link_base,0.0227836372012,-0.600034135975,0.304419522425,0.703527927399,0.709416270256,0.0344267860055,-0.0243293829262
1624447550788174557,3712,1624447550788016032,iri_wam_link_base,0.051976527988,-0.559543001939,0.296616602291,0.704800486565,0.70897090435,0.0200208742172,-0.0146880540997
1624447550788399435,3713,1624447550789107586,iri_wam_link_base,0.0522877938201,-0.558833051367,0.296504553356,0.70464360714,0.709149718285,0.0194730497897,-0.0143111329526
1624447550888242273,3714,1624447550889102785,iri_wam_link_base,0.0698296433256,-0.525581617558,0.289247267591,0.705186963081,0.708837389946,0.0156494248658,-0.00399244995788
1624447550888327790,3715,1624447550889257086,iri_wam_link_base,0.0698296433256,-0.525581617558,0.289247267591,0.705186963081,0.708837389946,0.0156494248658,-0.00399244995788
1624447550988404441,3716,1624447550989263664,iri_wam_link_base,0.0875870716839,-0.502859271318,0.27422484812,0.704267382622,0.709503293037,0.0245163124055,0.00337747391313
1624447550988464750,3717,1624447550989397720,iri_wam_link_base,0.0875870716839,-0.502859271318,0.27422484812,0.704267382622,0.709503293037,0.0245163124055,0.00337747391313
1624447551088557341,3718,1624447551089404910,iri_wam_link_base,0.113018391813,-0.48413710272,0.259533235114,0.705534756184,0.708093762398,0.0286650266498,-0.00146972306538
1624447551088659683,3719,1624447551089532415,iri_wam_link_base,0.113018391813,-0.48413710272,0.259533235114,0.705534756184,0.708093762398,0.0286650266498,-0.00146972306538
1624447551188794782,3720,1624447551189522884,iri_wam_link_base,0.143308863799,-0.461378122654,0.246375701692,0.70555639267,0.708039522171,0.0283785108477,-0.00805373489857
1624447551188826521,3721,1624447551189651730,iri_wam_link_base,0.143308863799,-0.461378122654,0.246375701692,0.70555639267,0.708039522171,0.0283785108477,-0.00805373489857
1624447551288889196,3722,1624447551289636632,iri_wam_link_base,0.155498070371,-0.438997978437,0.226954062726,0.706265509129,0.707804918289,0.00638955831528,-0.012666946277
1624447551288915157,3723,1624447551289749479,iri_wam_link_base,0.155498070371,-0.438997978437,0.226954062726,0.706265509129,0.707804918289,0.00638955831528,-0.012666946277
1624447551388960576,3724,1624447551389753523,iri_wam_link_base,0.150144488935,-0.419813872479,0.202774508864,0.705873131752,0.708306789398,0.00443499861285,-0.00499736145139
1624447551389014774,3725,1624447551389875281,iri_wam_link_base,0.150144488935,-0.419813872479,0.202774508864,0.705873131752,0.708306789398,0.00443499861285,-0.00499736145139
1624447551489071968,3726,1624447551489867660,iri_wam_link_base,0.14542811307,-0.409508789906,0.18418512061,0.705992281437,0.708168387413,0.00836133025587,-0.00158102740534
1624447551489118115,3727,1624447551489992050,iri_wam_link_base,0.14542811307,-0.409508789906,0.18418512061,0.705992281437,0.708168387413,0.00836133025587,-0.00158102740534
1624447551589170465,3728,1624447551589978308,iri_wam_link_base,0.146318507713,-0.400856044377,0.164011147081,0.704530000687,0.709458529949,0.0171734169126,-0.00333175994456
1624447551590307666,3729,1624447551590106873,iri_wam_link_base,0.146318507713,-0.400856044377,0.164011147081,0.704530000687,0.709458529949,0.0171734169126,-0.00333175994456
1624447551690167366,3730,1624447551690090070,iri_wam_link_base,0.147564811173,-0.409023176343,0.148958702264,0.706508517265,0.707335114479,0.00288597121835,0.0226820707321
1624447551690376862,3731,1624447551691324678,iri_wam_link_base,0.147644334944,-0.409458931248,0.148852328077,0.707129895687,0.706704616547,0.00276393862441,0.0229826886207
1624447551790349857,3732,1624447551791164343,iri_wam_link_base,0.151093011352,-0.442959382919,0.152346887962,0.706601083279,0.706738233566,-0.0124942744151,0.0328620113432
1624447551790546298,3733,1624447551791440088,iri_wam_link_base,0.151093011352,-0.442959382919,0.152346887962,0.706601083279,0.706738233566,-0.0124942744151,0.0328620113432
1624447551890622172,3734,1624447551891364847,iri_wam_link_base,0.151594743886,-0.477361348267,0.16689676781,0.709798395634,0.703677177429,-0.0249843318015,0.0200115777552
1624447551890733515,3735,1624447551891541925,iri_wam_link_base,0.151594743886,-0.477361348267,0.16689676781,0.709798395634,0.703677177429,-0.0249843318015,0.0200115777552
1624447551990684623,3736,1624447551991557113,iri_wam_link_base,0.154016326142,-0.499212827343,0.182339653194,0.709014415741,0.704708755016,-0.018338046968,0.0186528358608
1624447551990796386,3737,1624447551991688579,iri_wam_link_base,0.154016326142,-0.499212827343,0.182339653194,0.709014415741,0.704708755016,-0.018338046968,0.0186528358608
1624447552090821674,3738,1624447552091647998,iri_wam_link_base,0.154942876741,-0.505481742575,0.19047387945,0.709051966667,0.704979538918,-0.0138286948204,0.00760824419558
1624447552090889168,3739,1624447552091778418,iri_wam_link_base,0.154942876741,-0.505481742575,0.19047387945,0.709051966667,0.704979538918,-0.0138286948204,0.00760824419558
1624447552190921977,3740,1624447552191787927,iri_wam_link_base,0.154010680417,-0.504620482185,0.188632210557,0.709172666073,0.704900920391,-0.0129196681082,0.00467539951205
1624447552191775764,3741,1624447552191911175,iri_wam_link_base,0.154010680417,-0.504620482185,0.188632210557,0.709172666073,0.704900920391,-0.0129196681082,0.00467539951205
1624447552290984199,3742,1624447552291878567,iri_wam_link_base,0.15403219137,-0.504612051337,0.188676210011,0.709070682526,0.705001890659,-0.0129501456395,0.00483407406136
1624447552291076163,3743,1624447552292016084,iri_wam_link_base,0.15403219137,-0.504612051337,0.188676210011,0.709070682526,0.705001890659,-0.0129501456395,0.00483407406136
1624447552391131532,3744,1624447552392009277,iri_wam_link_base,0.153957724562,-0.504663292518,0.188599922559,0.709031641483,0.705041587353,-0.0129616307095,0.00474358536303
1624447552392199337,3745,1624447552392135569,iri_wam_link_base,0.153957724562,-0.504663292518,0.188599922559,0.709031641483,0.705041587353,-0.0129616307095,0.00474358536303
1624447552492174633,3746,1624447552492115941,iri_wam_link_base,0.15393675349,-0.504586837223,0.188572081738,0.708953261375,0.7051217556,-0.0129208480939,0.00465056020766
1624447552492349866,3747,1624447552493242621,iri_wam_link_base,0.153943024498,-0.504608986655,0.188590876651,0.708918988705,0.705155611038,-0.0129397306591,0.00468807760626
1624447552592445904,3748,1624447552593212144,iri_wam_link_base,0.153960077313,-0.504608751301,0.188577585266,0.708868920803,0.705206334591,-0.0129231708124,0.00468226056546
1624447552592560931,3749,1624447552593406433,iri_wam_link_base,0.153960077313,-0.504608751301,0.188577585266,0.708868920803,0.705206334591,-0.0129231708124,0.00468226056546
1624447552692553189,3750,1624447552693400762,iri_wam_link_base,0.153941260631,-0.50454229756,0.188521208167,0.708863079548,0.705213904381,-0.0128672355786,0.00456771859899
1624447552692653103,3751,1624447552693540500,iri_wam_link_base,0.153941260631,-0.50454229756,0.188521208167,0.708863079548,0.705213904381,-0.0128672355786,0.00456771859899
1624447552792665408,3752,1624447552793522438,iri_wam_link_base,0.15388945112,-0.504345978339,0.188352201031,0.708867251873,0.70521479845,-0.0126901660115,0.00426973216236
1624447552792760090,3753,1624447552793650483,iri_wam_link_base,0.15388945112,-0.504345978339,0.188352201031,0.708867251873,0.70521479845,-0.0126901660115,0.00426973216236
1624447552892715440,3754,1624447552893636906,iri_wam_link_base,0.153880840333,-0.504378382097,0.188355725344,0.708883106709,0.705198407173,-0.0127109466121,0.00429021893069
1624447552892855537,3755,1624447552893756663,iri_wam_link_base,0.153880840333,-0.504378382097,0.188355725344,0.708883106709,0.705198407173,-0.0127109466121,0.00429021893069
1624447552992853243,3756,1624447552993744077,iri_wam_link_base,0.15388945112,-0.504345978339,0.188352201031,0.708831012249,0.705251276493,-0.0126903867349,0.00426908023655
1624447552992972986,3757,1624447552993867322,iri_wam_link_base,0.15388945112,-0.504345978339,0.188352201031,0.708831012249,0.705251276493,-0.0126903867349,0.00426908023655
1624447553093147020,3758,1624447553093853545,iri_wam_link_base,0.153888878189,-0.504351568683,0.188352342098,0.708844423294,0.705236911774,-0.0127260182053,0.00429855333641
1624447553093268669,3759,1624447553093979399,iri_wam_link_base,0.153888878189,-0.504351568683,0.188352342098,0.708844423294,0.705236911774,-0.0127260182053,0.00429855333641
1624447553193149833,3760,1624447553193971485,iri_wam_link_base,0.153872405142,-0.504346217924,0.188365485341,0.708844900131,0.705236971378,-0.0127071784809,0.00427423650399
1624447553194278321,3761,1624447553194097953,iri_wam_link_base,0.153872405142,-0.504346217924,0.188365485341,0.708844900131,0.705236971378,-0.0127071784809,0.00427423650399
1624447553293419560,3762,1624447553294079066,iri_wam_link_base,0.15388945112,-0.504345978339,0.188352201031,0.708831012249,0.705251276493,-0.0126903867349,0.00426908023655
1624447553294290598,3763,1624447553294202468,iri_wam_link_base,0.15388945112,-0.504345978339,0.188352201031,0.708831012249,0.705251276493,-0.0126903867349,0.00426908023655
1624447553394377491,3764,1624447553394200328,iri_wam_link_base,0.153894125708,-0.50434910051,0.188352220129,0.708852767944,0.705229282379,-0.0126811256632,0.00431471830234
1624447553394486850,3765,1624447553395321676,iri_wam_link_base,0.15388945112,-0.504345978339,0.188352201031,0.708831012249,0.705251276493,-0.0126903867349,0.00426908023655
1624447553494524320,3766,1624447553495287759,iri_wam_link_base,0.153887273515,-0.504332523158,0.188333589389,0.708791732788,0.70529037714,-0.0126985544339,0.00430470518768
1624447553494632539,3767,1624447553495509443,iri_wam_link_base,0.153887273515,-0.504332523158,0.188333589389,0.708791732788,0.70529037714,-0.0126985544339,0.00430470518768
1624447553594630519,3768,1624447553595502308,iri_wam_link_base,0.153868283222,-0.504334047224,0.188318182236,0.708806693554,0.705276310444,-0.0126740913838,0.00421255547553
1624447553594687112,3769,1624447553595627001,iri_wam_link_base,0.153868283222,-0.504334047224,0.188318182236,0.708806693554,0.705276310444,-0.0126740913838,0.00421255547553
1624447553694744235,3770,1624447553695607001,iri_wam_link_base,0.153870800965,-0.504327173078,0.188346732257,0.708828508854,0.705253899097,-0.0126794921234,0.00428104260936
1624447553694803087,3771,1624447553695733017,iri_wam_link_base,0.153870800965,-0.504327173078,0.188346732257,0.708828508854,0.705253899097,-0.0126794921234,0.00428104260936
1624447553794963371,3772,1624447553795729819,iri_wam_link_base,0.153870227774,-0.504332763238,0.188346873314,0.70880562067,0.705276072025,-0.0127153489739,0.00430986052379
1624447553795002576,3773,1624447553795860503,iri_wam_link_base,0.153870227774,-0.504332763238,0.188346873314,0.70880562067,0.705276072025,-0.0127153489739,0.00430986052379
1624447553894959903,3774,1624447553895837016,iri_wam_link_base,0.153872957705,-0.504337169557,0.188318200757,0.708828508854,0.70525431633,-0.0126648340374,0.00425819307566
1624447553895041355,3775,1624447553895963447,iri_wam_link_base,0.153872957705,-0.504337169557,0.188318200757,0.708828508854,0.70525431633,-0.0126648340374,0.00425819307566
1624447553995087304,3776,1624447553995965524,iri_wam_link_base,0.153887846485,-0.504326932971,0.188333448516,0.708814620972,0.705268144608,-0.0126626994461,0.00427588634193
1624447553995155443,3777,1624447553996092076,iri_wam_link_base,0.153887846485,-0.504326932971,0.188333448516,0.708814620972,0.705268144608,-0.0126626994461,0.00427588634193
1624447554095191019,3778,1624447554096058843,iri_wam_link_base,0.153887846485,-0.504326932971,0.188333448516,0.708778381348,0.70530462265,-0.0126629192382,0.00427523581311
1624447554095228768,3779,1624447554096180321,iri_wam_link_base,0.153887846485,-0.504326932971,0.188333448516,0.708778381348,0.70530462265,-0.0126629192382,0.00427523581311
1624447554195374236,3780,1624447554196190419,iri_wam_link_base,0.153875474982,-0.504330295822,0.188346751532,0.708814024925,0.705268323421,-0.0126704592258,0.00432602921501
1624447554196513996,3781,1624447554196315742,iri_wam_link_base,0.15389194758,-0.504335645545,0.188333608881,0.708814024925,0.705268323421,-0.0126704592258,0.00432602921501
1624447554296328001,3782,1624447554296277033,iri_wam_link_base,0.153887846485,-0.504326932971,0.188333448516,0.708778381348,0.70530462265,-0.0126629192382,0.00427523581311
1624447554296569431,3783,1624447554297514674,iri_wam_link_base,0.153870800965,-0.504327173078,0.188346732257,0.70879226923,0.70529037714,-0.0126797119156,0.00428039114922
1624447554396676769,3784,1624447554397346646,iri_wam_link_base,0.153887846485,-0.504326932971,0.188333448516,0.708742141724,0.705341041088,-0.0126631399617,0.00427458528429
1624447554396701251,3785,1624447554397633939,iri_wam_link_base,0.153887846485,-0.504326932971,0.188333448516,0.708742141724,0.705341041088,-0.0126631399617,0.00427458528429
1624447554496735902,3786,1624447554497559050,iri_wam_link_base,0.153887846485,-0.504326932971,0.188333448516,0.708778381348,0.70530462265,-0.0126629192382,0.00427523581311
1624447554496836617,3787,1624447554497738365,iri_wam_link_base,0.153887846485,-0.504326932971,0.188333448516,0.708778381348,0.70530462265,-0.0126629192382,0.00427523581311
1624447554596871950,3788,1624447554597743712,iri_wam_link_base,0.153887846485,-0.504326932971,0.188333448516,0.708778381348,0.70530462265,-0.0126629192382,0.00427523581311
1624447554596940728,3789,1624447554597872058,iri_wam_link_base,0.153887846485,-0.504326932971,0.188333448516,0.708778381348,0.70530462265,-0.0126629192382,0.00427523581311
1624447554696960124,3790,1624447554697839682,iri_wam_link_base,0.153870800965,-0.504327173078,0.188346732257,0.708756029606,0.705326735973,-0.0126799317077,0.00427973968908
1624447554697028166,3791,1624447554697963689,iri_wam_link_base,0.153870800965,-0.504327173078,0.188346732257,0.708756029606,0.705326735973,-0.0126799317077,0.00427973968908
1624447554797087165,3792,1624447554797970607,iri_wam_link_base,0.153881566624,-0.504304763957,0.188314678861,0.70874017477,0.705343604088,-0.0126444892958,0.00423640757799
1624447554797219484,3793,1624447554798090065,iri_wam_link_base,0.153881566624,-0.504304763957,0.188314678861,0.70874017477,0.705343604088,-0.0126444892958,0.00423640757799
1624447554897309648,3794,1624447554898066061,iri_wam_link_base,0.153877465495,-0.504296051356,0.188314520833,0.708741188049,0.705343484879,-0.0126178823411,0.00416195485741
1624447554897422346,3795,1624447554898243452,iri_wam_link_base,0.153877465495,-0.504296051356,0.188314520833,0.708741188049,0.705343484879,-0.0126178823411,0.00416195485741
1624447554997367470,3796,1624447554998201812,iri_wam_link_base,0.153865095474,-0.50429941412,0.188327821897,0.708776831627,0.70530718565,-0.0126254213974,0.00421274965629
1624447554998361052,3797,1624447554998334144,iri_wam_link_base,0.153865095474,-0.50429941412,0.188327821897,0.708776831627,0.70530718565,-0.0126254213974,0.00421274965629
1624447555098443601,3798,1624447555098339792,iri_wam_link_base,0.153886814427,-0.504302296355,0.188314557564,0.708784759045,0.705299496651,-0.0125993806869,0.00425323005766
1624447555098551157,3799,1624447555099415061,iri_wam_link_base,0.153886814427,-0.504302296355,0.188314557564,0.708784759045,0.705299496651,-0.0125993806869,0.00425323005766
1624447555198713849,3800,1624447555199409712,iri_wam_link_base,0.153882140194,-0.50429917365,0.188314538931,0.708763003349,0.70532143116,-0.01260862872,0.00420759292319
1624447555198737770,3801,1624447555199614560,iri_wam_link_base,0.153882140194,-0.50429917365,0.188314538931,0.708763003349,0.70532143116,-0.01260862872,0.00420759292319
1624447555298758044,3802,1624447555299578150,iri_wam_link_base,0.153882140194,-0.50429917365,0.188314538931,0.708726763725,0.705357849598,-0.0126088457182,0.004206945654
1624447555299831271,3803,1624447555299727649,iri_wam_link_base,0.153882140194,-0.50429917365,0.188314538931,0.708726763725,0.705357849598,-0.0126088457182,0.004206945654
1624447555398875151,3804,1624447555399718125,iri_wam_link_base,0.153882140194,-0.50429917365,0.188314538931,0.708726763725,0.705357849598,-0.0126088457182,0.004206945654
1624447555398962241,3805,1624447555399846586,iri_wam_link_base,0.153882140194,-0.50429917365,0.188314538931,0.708726763725,0.705357849598,-0.0126088457182,0.004206945654
1624447555498947778,3806,1624447555499827030,iri_wam_link_base,0.153882140194,-0.50429917365,0.188314538931,0.708726763725,0.705357849598,-0.0126088457182,0.004206945654
1624447555499016221,3807,1624447555499947547,iri_wam_link_base,0.153882140194,-0.50429917365,0.188314538931,0.708726763725,0.705357849598,-0.0126088457182,0.004206945654
1624447555599058070,3808,1624447555599942680,iri_wam_link_base,0.153881566624,-0.504304763957,0.188314678861,0.708703935146,0.705379962921,-0.0126447053626,0.00423575844616
1624447555599176047,3809,1624447555600066094,iri_wam_link_base,0.153881566624,-0.504304763957,0.188314678861,0.708703935146,0.705379962921,-0.0126447053626,0.00423575844616
