%time,field.header.seq,field.header.stamp,field.header.frame_id,field.pose.position.x,field.pose.position.y,field.pose.position.z,field.pose.orientation.x,field.pose.orientation.y,field.pose.orientation.z,field.pose.orientation.w
1624447324104151533,1156,1624447324104893103,iri_wam_link_base,0.00186830592918,-0.396836107393,0.342139175604,0.706794977188,0.707356989384,-0.00749508244917,0.00555032212287
1624447324110706480,1157,1624447324111369975,iri_wam_link_base,0.00186444473637,-0.396840951382,0.342139275895,0.706778466702,0.707372903824,-0.00754575617611,0.0055558369495
1624447324204268639,1158,1624447324205033125,iri_wam_link_base,0.00186436043861,-0.396824280842,0.342116017226,0.706778645515,0.707373261452,-0.00751577690244,0.00552555918694
1624447324211625801,1159,1624447324211480285,iri_wam_link_base,0.00186436043861,-0.396824280842,0.342116017226,0.706742286682,0.70740956068,-0.00751606095582,0.00552517315373
1624447324304569519,1160,1624447324305173646,iri_wam_link_base,0.00184473242719,-0.396810282555,0.342126711728,0.706778526306,0.70737361908,-0.0075229681097,0.00548190623522
1624447324311801156,1161,1624447324312556255,iri_wam_link_base,0.00184866705692,-0.396815067516,0.342126788735,0.706794500351,0.707357227802,-0.00752780213952,0.00553270149976
1624447324406288117,1162,1624447324405825105,iri_wam_link_base,0.00184875075299,-0.396831737427,0.342150047857,0.706794261932,0.707356929779,-0.00755778234452,0.005562978331
1624447324411985453,1163,1624447324412786761,iri_wam_link_base,0.00184866705692,-0.396815067516,0.342126788735,0.706794500351,0.707357227802,-0.00752780213952,0.00553270149976
1624447324506363773,1164,1624447324507136192,iri_wam_link_base,0.00184866705692,-0.396815067516,0.342126788735,0.706758141518,0.707393527031,-0.00752808619291,0.00553231453523
1624447324512091679,1165,1624447324512915010,iri_wam_link_base,0.00184866705692,-0.396815067516,0.342126788735,0.706758141518,0.707393527031,-0.00752808619291,0.00553231453523
1624447324606645106,1166,1624447324607271929,iri_wam_link_base,0.00184866705692,-0.396815067516,0.342126788735,0.706794500351,0.707357227802,-0.00752780213952,0.00553270149976
1624447324612311352,1167,1624447324613029184,iri_wam_link_base,0.00184866705692,-0.396815067516,0.342126788735,0.706794500351,0.707357227802,-0.00752780213952,0.00553270149976
1624447324706718971,1168,1624447324707411815,iri_wam_link_base,0.00184875075299,-0.396831737427,0.342150047857,0.706794261932,0.707356929779,-0.00755778234452,0.005562978331
1624447324712391910,1169,1624447324713141652,iri_wam_link_base,0.00184866705692,-0.396815067516,0.342126788735,0.706794500351,0.707357227802,-0.00752780213952,0.00553270149976
1624447324807969795,1170,1624447324807548997,iri_wam_link_base,0.00186823535905,-0.396817528714,0.342160723611,0.706794857979,0.707356750965,-0.00751421507448,0.00556958513334
1624447324812393431,1171,1624447324813252067,iri_wam_link_base,0.00184875075299,-0.396831737427,0.342150047857,0.706794261932,0.707356929779,-0.00755778234452,0.005562978331
1624447324908020212,1172,1624447324908758700,iri_wam_link_base,0.00185252846757,-0.396810223696,0.342126688698,0.706811010838,0.707341313362,-0.00747712980956,0.00552718760446
1624447324912682285,1173,1624447324913375320,iri_wam_link_base,0.00184875075299,-0.396831737427,0.342150047857,0.706794261932,0.707356929779,-0.00755778234452,0.005562978331
1624447325008184782,1174,1624447325008912376,iri_wam_link_base,0.00184875075299,-0.396831737427,0.342150047857,0.706794261932,0.707356929779,-0.00755778234452,0.005562978331
1624447325012659220,1175,1624447325013509533,iri_wam_link_base,0.00185261216378,-0.396826893615,0.342149947409,0.706810891628,0.70734089613,-0.0075071095489,0.00555746490136
1624447325108411805,1176,1624447325109052227,iri_wam_link_base,0.00184875075299,-0.396831737427,0.342150047857,0.706794261932,0.707356929779,-0.00755778234452,0.005562978331
1624447325114102380,1177,1624447325113628693,iri_wam_link_base,0.00184875075299,-0.396831737427,0.342150047857,0.706794261932,0.707356929779,-0.00755778234452,0.005562978331
1624447325208682951,1178,1624447325209189160,iri_wam_link_base,0.00184875075299,-0.396831737427,0.342150047857,0.706757962704,0.707393169403,-0.00755806826055,0.00556259043515
1624447325214208362,1179,1624447325214956341,iri_wam_link_base,0.00186444473637,-0.396840951382,0.342139275895,0.706778466702,0.707372903824,-0.00754575617611,0.0055558369495
1624447325308632223,1180,1624447325309324996,iri_wam_link_base,0.00186436043861,-0.396824280842,0.342116017226,0.706778645515,0.707373261452,-0.00751577690244,0.00552555918694
1624447325314257688,1181,1624447325315091427,iri_wam_link_base,0.00186444473637,-0.396840951382,0.342139275895,0.706778466702,0.707372903824,-0.00754575617611,0.0055558369495
1624447325408756309,1182,1624447325409468739,iri_wam_link_base,0.00186444473637,-0.396840951382,0.342139275895,0.706778466702,0.707372903824,-0.00754575617611,0.0055558369495
1624447325414376957,1183,1624447325415207920,iri_wam_link_base,0.00186829483984,-0.396829065801,0.342116094764,0.70679461956,0.707356870174,-0.00752061139792,0.00557635305449
1624447325509943944,1184,1624447325509611003,iri_wam_link_base,0.00184866705692,-0.396815067516,0.342126788735,0.706794500351,0.707357227802,-0.00752780213952,0.00553270149976
1624447325514506499,1185,1624447325515338671,iri_wam_link_base,0.00184875075299,-0.396831737427,0.342150047857,0.706794261932,0.707356929779,-0.00755778234452,0.005562978331
1624447325610156961,1186,1624447325610829793,iri_wam_link_base,0.00184875075299,-0.396831737427,0.342150047857,0.706830501556,0.70732063055,-0.00755749549717,0.00556336622685
1624447325614670596,1187,1624447325615459838,iri_wam_link_base,0.00186444473637,-0.396840951382,0.342139275895,0.706778466702,0.707372903824,-0.00754575617611,0.0055558369495
1624447325710258191,1188,1624447325710990147,iri_wam_link_base,0.00186452902314,-0.396857619939,0.342162535985,0.706778168678,0.707372605801,-0.00757573498413,0.00558611517772
1624447325715817992,1189,1624447325715591420,iri_wam_link_base,0.00184883443818,-0.396848405356,0.3421733084,0.706794142723,0.707356512547,-0.00758776301518,0.00559325609356
1624447325810353368,1190,1624447325811132332,iri_wam_link_base,0.00184875075299,-0.396831737427,0.342150047857,0.706794261932,0.707356929779,-0.00755778234452,0.005562978331
1624447325815912864,1191,1624447325816768192,iri_wam_link_base,0.00184875075299,-0.396831737427,0.342150047857,0.706794261932,0.707356929779,-0.00755778234452,0.005562978331
1624447325910482456,1192,1624447325911269381,iri_wam_link_base,0.00184875075299,-0.396831737427,0.342150047857,0.706794261932,0.707356929779,-0.00755778234452,0.005562978331
1624447325916284463,1193,1624447325916930992,iri_wam_link_base,0.00186444473637,-0.396840951382,0.342139275895,0.706778466702,0.707372903824,-0.00754575617611,0.0055558369495
1624447326010614928,1194,1624447326011408837,iri_wam_link_base,0.00184102928236,-0.396841425549,0.34215025065,0.706761181355,0.707388758659,-0.00765912467614,0.00557400844991
1624447326016449287,1195,1624447326017207188,iri_wam_link_base,0.00184102928236,-0.396841425549,0.34215025065,0.706724882126,0.707425057888,-0.00765941198915,0.00557361543179
1624447326110717662,1196,1624447326111549418,iri_wam_link_base,0.00184875075299,-0.396831737427,0.342150047857,0.706794261932,0.707356929779,-0.00755778234452,0.005562978331
1624447326116452071,1197,1624447326117326947,iri_wam_link_base,0.00186444473637,-0.396840951382,0.342139275895,0.706778466702,0.707372903824,-0.00754575617611,0.0055558369495
1624447326211968301,1198,1624447326211692109,iri_wam_link_base,0.00184866705692,-0.396815067516,0.342126788735,0.706794261932,0.707356929779,-0.00755778234452,0.005562978331
1624447326216579191,1199,1624447326217438735,iri_wam_link_base,0.00184875075299,-0.396831737427,0.342150047857,0.706794261932,0.707356929779,-0.00755778234452,0.005562978331
1624447326312116372,1200,1624447326312953712,iri_wam_link_base,0.00184866705692,-0.396815067516,0.342126788735,0.706794500351,0.707357227802,-0.00752780213952,0.00553270149976
1624447326316674283,1201,1624447326317551580,iri_wam_link_base,0.00184875075299,-0.396831737427,0.342150047857,0.706794261932,0.707356929779,-0.00755778234452,0.005562978331
1624447326412243295,1202,1624447326413095064,iri_wam_link_base,0.00184875075299,-0.396831737427,0.342150047857,0.706794261932,0.707356929779,-0.00755778234452,0.005562978331
1624447326418124905,1203,1624447326417669246,iri_wam_link_base,0.00184866705692,-0.396815067516,0.342126788735,0.706794500351,0.707357227802,-0.00752780213952,0.00553270149976
1624447326512404690,1204,1624447326513228810,iri_wam_link_base,0.00184875075299,-0.396831737427,0.342150047857,0.706794261932,0.707356929779,-0.00755778234452,0.005562978331
1624447326518182850,1205,1624447326519012587,iri_wam_link_base,0.00184866705692,-0.396815067516,0.342126788735,0.706794500351,0.707357227802,-0.00752780213952,0.00553270149976
1624447326612524902,1206,1624447326613363643,iri_wam_link_base,0.00184875075299,-0.396831737427,0.342150047857,0.706794261932,0.707356929779,-0.00755778234452,0.005562978331
1624447326618263857,1207,1624447326619136241,iri_wam_link_base,0.00184875075299,-0.396831737427,0.342150047857,0.706794261932,0.707356929779,-0.00755778234452,0.005562978331
1624447326712656847,1208,1624447326713501630,iri_wam_link_base,0.00184875075299,-0.396831737427,0.342150047857,0.706794261932,0.707356929779,-0.00755778234452,0.005562978331
1624447326718407034,1209,1624447326719245261,iri_wam_link_base,0.00184875075299,-0.396831737427,0.342150047857,0.706757962704,0.707393169403,-0.00755806826055,0.00556259043515
1624447326812802502,1210,1624447326813635549,iri_wam_link_base,0.00184932592325,-0.396941344092,0.342289816599,0.706792294979,0.707354426384,-0.00779316807166,0.00580095080659
1624447326818539702,1211,1624447326819353789,iri_wam_link_base,0.001865034513,-0.396957589649,0.34230212635,0.706776797771,0.707370579243,-0.00775560969487,0.00576778221875
1624447326913991973,1212,1624447326914731383,iri_wam_link_base,0.0018413806195,-0.399288385626,0.345620157921,0.706747412682,0.707294881344,-0.0119573688135,0.00995471142232
1624447326918652265,1213,1624447326919460614,iri_wam_link_base,0.00186161804893,-0.399411728545,0.345841803948,0.7067450881,0.707291126251,-0.0121278902516,0.0101776951924
1624447327014219327,1214,1624447327014993957,iri_wam_link_base,0.00193863438263,-0.404026785875,0.353005671695,0.706794142723,0.706937074661,-0.0190752204508,0.0178354140371
1624447327018825804,1215,1624447327019567600,iri_wam_link_base,0.00194295714949,-0.404125082855,0.353218251682,0.706809937954,0.706920325756,-0.0190717820078,0.0178777016699
1624447327114453090,1216,1624447327115128487,iri_wam_link_base,0.00202521693419,-0.406616566339,0.357725519369,0.706990003586,0.706598997116,-0.0211808364838,0.0208424255252
1624447327119898758,1217,1624447327119678435,iri_wam_link_base,0.00201759625533,-0.406678154213,0.357798632325,0.706959664822,0.706629931927,-0.0212174318731,0.0207854006439
1624447327214425347,1218,1624447327215263126,iri_wam_link_base,0.00179599142467,-0.409266978682,0.362059911262,0.705985307693,0.707433700562,-0.0253095980734,0.0219489280134
1624447327220095805,1219,1624447327220791443,iri_wam_link_base,0.00184462944453,-0.409427333432,0.36232640653,0.706011652946,0.707399904728,-0.0253280512989,0.022166762501
1624447327314657538,1220,1624447327315412080,iri_wam_link_base,0.00214503529733,-0.412697921134,0.367731138328,0.707010447979,0.706360578537,-0.0241051316261,0.0246955845505
1624447327320225773,1221,1624447327321015228,iri_wam_link_base,0.00212607858982,-0.412946616392,0.36802901799,0.706972241402,0.706395983696,-0.0242651831359,0.024620577693
1624447327414946265,1222,1624447327415604672,iri_wam_link_base,0.00210439311763,-0.418194087847,0.373458531368,0.706842541695,0.706500530243,-0.0248870495707,0.0247229225934
1624447327420511189,1223,1624447327421134558,iri_wam_link_base,0.00210148364845,-0.418483227138,0.373641567019,0.706835031509,0.706520438194,-0.0247355736792,0.0245211459696
1624447327516097504,1224,1624447327515786673,iri_wam_link_base,0.00195882066894,-0.42362596605,0.376015975425,0.7062728405,0.707068145275,-0.0259890705347,0.0236186105758
1624447327520495893,1225,1624447327521256798,iri_wam_link_base,0.00196387653688,-0.423871252721,0.376100580914,0.706407666206,0.706937134266,-0.0258948449045,0.02361305058
1624447327616279610,1226,1624447327617014426,iri_wam_link_base,0.00210175820334,-0.430115172184,0.381169656074,0.706330180168,0.707087755203,-0.0248234067112,0.0225454587489
1624447327620539077,1227,1624447327621380375,iri_wam_link_base,0.00209021884987,-0.430376320047,0.381424217471,0.706293821335,0.707127273083,-0.0248463451862,0.0224186275154
1624447327716359110,1228,1624447327717171425,iri_wam_link_base,0.00203809205776,-0.435686897828,0.386865466153,0.706076323986,0.7073341012,-0.0254997927696,0.0220108367503
1624447327720617989,1229,1624447327721484652,iri_wam_link_base,0.00203452783478,-0.435862317866,0.387020006797,0.706063866615,0.707344472408,-0.0255539622158,0.0220145899802
1624447327816537637,1230,1624447327817306129,iri_wam_link_base,0.00164925575058,-0.440165713724,0.390164527541,0.706435680389,0.706997156143,-0.0253068208694,0.0215238351375
1624447327824579404,1231,1624447327824230505,iri_wam_link_base,0.00155123841512,-0.44058174239,0.390217821406,0.706427276134,0.70700019598,-0.02549588494,0.0214753262699
1624447327916625164,1232,1624447327917440382,iri_wam_link_base,-0.00113022672917,-0.446598635097,0.389002157318,0.707848072052,0.705549657345,-0.0266633648425,0.0209718663245
1624447327924863736,1233,1624447327925552893,iri_wam_link_base,-0.00146807873765,-0.447319264145,0.388850247304,0.707946360111,0.705443620682,-0.0268100742251,0.0210357960314
1624447328016767235,1234,1624447328017569647,iri_wam_link_base,-0.00645264420874,-0.458104274904,0.387744829861,0.709441125393,0.703797161579,-0.030221555382,0.0212014205754
1624447328025838452,1235,1624447328025762882,iri_wam_link_base,-0.00684867815328,-0.459204857936,0.387747303364,0.709461927414,0.703757703304,-0.030634900555,0.0212230924517
1624447328116877356,1236,1624447328117708417,iri_wam_link_base,-0.0115974872375,-0.471402093706,0.387859708783,0.70901465416,0.70417124033,-0.0331632047892,0.0184761174023
1624447328126067197,1237,1624447328126836703,iri_wam_link_base,-0.0120103376171,-0.472574241936,0.387794129309,0.709115684032,0.704097926617,-0.032717127353,0.0181845258921
1624447328218139169,1238,1624447328217839378,iri_wam_link_base,-0.0164510001173,-0.482492758718,0.387628797498,0.708811581135,0.704458117485,-0.0316231884062,0.0180229917169
1624447328226299387,1239,1624447328227050294,iri_wam_link_base,-0.0168473047564,-0.483275775347,0.387692033556,0.708820164204,0.704426050186,-0.0320633426309,0.0181624293327
1624447328318223399,1240,1624447328319038991,iri_wam_link_base,-0.0219000429573,-0.491587396011,0.387680204731,0.709231853485,0.703829824924,-0.0358722358942,0.0180825199932
1624447328326417808,1241,1624447328327199682,iri_wam_link_base,-0.022254787884,-0.492158591514,0.387740934904,0.709368050098,0.703680038452,-0.035998262465,0.0183140262961
1624447328418369472,1242,1624447328419188724,iri_wam_link_base,-0.026109694454,-0.499665002323,0.388454166663,0.708753228188,0.704350829124,-0.0343462079763,0.0194710996002
1624447328426498425,1243,1624447328427326679,iri_wam_link_base,-0.0265425595904,-0.500390816441,0.388622578772,0.708845794201,0.704223752022,-0.0348933264613,0.0197242666036
1624447328518534616,1244,1624447328519326942,iri_wam_link_base,-0.0303909962299,-0.508764087488,0.389597498644,0.70907330513,0.70407885313,-0.0339783243835,0.0182636231184
1624447328526644195,1245,1624447328527438997,iri_wam_link_base,-0.030770601509,-0.50959576348,0.389606119617,0.709024369717,0.704101085663,-0.0345136485994,0.0182995218784
1624447328618623007,1246,1624447328619460677,iri_wam_link_base,-0.0350104042311,-0.519094010895,0.388746184225,0.708920538425,0.704017996788,-0.0384890809655,0.0175762102008
1624447328626754320,1247,1624447328627553717,iri_wam_link_base,-0.0353556814624,-0.519883448929,0.388660469772,0.70904392004,0.703892052174,-0.0384837649763,0.0176539197564
1624447328718852591,1248,1624447328719599393,iri_wam_link_base,-0.0398490882063,-0.529387181194,0.387381914337,0.708292961121,0.704702913761,-0.0375491082668,0.0174654573202
1624447328726867362,1249,1624447328727691706,iri_wam_link_base,-0.0403800991072,-0.530222685358,0.387381994542,0.708366215229,0.704598784447,-0.0381051525474,0.0174891743809
1624447328818946484,1250,1624447328819740110,iri_wam_link_base,-0.0460088111838,-0.539411844425,0.387523415765,0.708699584007,0.704400718212,-0.0349037535489,0.0186074860394
1624447328826979277,1251,1624447328827802029,iri_wam_link_base,-0.0464305631395,-0.540117357553,0.38755173953,0.708807766438,0.704309523106,-0.0344224832952,0.0188343934715
1624447328920164669,1252,1624447328919877725,iri_wam_link_base,-0.0519781464862,-0.549527960815,0.387868567226,0.708831608295,0.704214274883,-0.0353130996227,0.0198235083371
1624447328928178067,1253,1624447328927910580,iri_wam_link_base,-0.0524766075341,-0.550401118974,0.387787928489,0.708923816681,0.704167246819,-0.0343417972326,0.0199048463255
1624447329020299690,1254,1624447329021066626,iri_wam_link_base,-0.0565813960286,-0.559159816212,0.387131073208,0.708481550217,0.704582512379,-0.0347262918949,0.0202849302441
1624447329028387782,1255,1624447329029107996,iri_wam_link_base,-0.0569683397018,-0.559927408941,0.387115538639,0.708283901215,0.704748570919,-0.0353182964027,0.0203955285251
1624447329120427118,1256,1624447329121220302,iri_wam_link_base,-0.0609083675036,-0.567371795863,0.385620325178,0.708340585232,0.704503595829,-0.0395007692277,0.0191822815686
1624447329128411627,1257,1624447329129277096,iri_wam_link_base,-0.0612950299713,-0.567973033736,0.385539577741,0.70829719305,0.704527914524,-0.0398436561227,0.0191837977618
1624447329220524714,1258,1624447329221358605,iri_wam_link_base,-0.0648962548854,-0.574763765262,0.385219287852,0.708461284637,0.704266011715,-0.0412788651884,0.0197008885443
1624447329228523743,1259,1624447329229385702,iri_wam_link_base,-0.0652115983559,-0.575400831519,0.385373565094,0.708629906178,0.704084575176,-0.0412879474461,0.0200964640826
1624447329320701296,1260,1624447329321494806,iri_wam_link_base,-0.0687197952254,-0.583221346189,0.38636679745,0.708980441093,0.703401207924,-0.046626880765,0.0199840813875
1624447329328678574,1261,1624447329329498737,iri_wam_link_base,-0.0690544766583,-0.583862733714,0.386448671335,0.709022223949,0.703351855278,-0.0468105711043,0.0198080968112
1624447329420793009,1262,1624447329421632063,iri_wam_link_base,-0.0728673960714,-0.592704671528,0.386082823544,0.708069443703,0.70423167944,-0.048245895654,0.0191749967635
1624447329428804012,1263,1624447329429626975,iri_wam_link_base,-0.0731546159129,-0.59347358617,0.386076099258,0.708289384842,0.704003453255,-0.0482426099479,0.0194407701492
1624447329520972214,1264,1624447329521771146,iri_wam_link_base,-0.0774148261852,-0.602884896286,0.385228769973,0.708594501019,0.703774571419,-0.0469995327294,0.0196523647755
1624447329528950893,1265,1624447329529762384,iri_wam_link_base,-0.0778745727812,-0.603686382507,0.385174013396,0.708401620388,0.704003870487,-0.0464578233659,0.0196817200631
1624447329622155665,1266,1624447329621909953,iri_wam_link_base,-0.0833741568185,-0.613825704691,0.384754509346,0.708128511906,0.704215526581,-0.047061920166,0.0204856656492
1624447329629973696,1267,1624447329629891938,iri_wam_link_base,-0.0837882267391,-0.614614770161,0.384709138139,0.707950115204,0.704444587231,-0.0463489592075,0.0204010643065
1624447329722327344,1268,1624447329723128433,iri_wam_link_base,-0.0885398492691,-0.624013097339,0.38479715666,0.708184838295,0.704273819923,-0.0450769290328,0.0209914986044
1624447329730341097,1269,1624447329731048637,iri_wam_link_base,-0.0888742906885,-0.624730157769,0.384757113891,0.708133518696,0.704345405102,-0.0448672473431,0.0207705516368
1624447329822468372,1270,1624447329823277397,iri_wam_link_base,-0.0911981649512,-0.632399404511,0.383390311117,0.708314776421,0.704322993755,-0.0431220903993,0.0189683679491
1624447329830514790,1271,1624447329831317679,iri_wam_link_base,-0.0913429614638,-0.632873801929,0.38298443702,0.70834839344,0.704334437847,-0.0424355566502,0.0188369564712
1624447329922604761,1272,1624447329923420409,iri_wam_link_base,-0.0916318855593,-0.637376165548,0.376629216177,0.708102583885,0.704918026924,-0.0377781875432,0.0159418210387
1624447329930599651,1273,1624447329931437669,iri_wam_link_base,-0.0916281895689,-0.637675646244,0.376130303653,0.708102405071,0.704936444759,-0.0375639759004,0.0156383886933
1624447330022744936,1274,1624447330023557883,iri_wam_link_base,-0.0915238472384,-0.640701448388,0.371779655493,0.707934498787,0.705240488052,-0.0357846356928,0.0135681713
1624447330030669195,1275,1624447330031546849,iri_wam_link_base,-0.0915053868844,-0.64090269685,0.371472725762,0.707955300808,0.705230236053,-0.0356294363737,0.0134179061279
1624447330122871966,1276,1624447330123695247,iri_wam_link_base,-0.091342362376,-0.643363245261,0.3686073778,0.707838177681,0.705400407314,-0.0349984876812,0.0122661078349
1624447330132873317,1277,1624447330132358752,iri_wam_link_base,-0.0913013981333,-0.643785180238,0.368088832669,0.707813501358,0.705433249474,-0.0348633974791,0.0121862301603
1624447330222997713,1278,1624447330223826751,iri_wam_link_base,-0.0911335594832,-0.647086227178,0.363610101565,0.707759559155,0.705586254597,-0.0333758294582,0.010512072593
1624447330233028703,1279,1624447330233832722,iri_wam_link_base,-0.0911162108946,-0.64749407592,0.363117546887,0.707720220089,0.705634474754,-0.0332268327475,0.0103942956775
1624447330324263059,1280,1624447330323962189,iri_wam_link_base,-0.0907649929193,-0.652177659343,0.358269239744,0.707554757595,0.70582562685,-0.0329329110682,0.00958373211324
1624447330334102281,1281,1624447330333961571,iri_wam_link_base,-0.0906507049338,-0.652805842171,0.3578023587,0.707542002201,0.705835580826,-0.0330279953778,0.00946499034762
1624447330424398079,1282,1624447330425197237,iri_wam_link_base,-0.0899930171344,-0.658953202336,0.353925622619,0.70692294836,0.706352114677,-0.035325370729,0.00887218583375
1624447330434471469,1283,1624447330435104721,iri_wam_link_base,-0.0899546665727,-0.659551763209,0.353475086342,0.706933915615,0.706330835819,-0.0355233028531,0.00890239700675
1624447330524513163,1284,1624447330525352532,iri_wam_link_base,-0.089857785977,-0.664022071003,0.347427443601,0.706869184971,0.70650523901,-0.0338260605931,0.00648975046352
1624447330534652881,1285,1624447330535382109,iri_wam_link_base,-0.0898765361967,-0.664493826879,0.34667723932,0.706921994686,0.706460952759,-0.0336592942476,0.00642710225657
1624447330624723720,1286,1624447330625495670,iri_wam_link_base,-0.0902421374785,-0.667941186415,0.341623688319,0.707455098629,0.70593971014,-0.033175047487,0.00746768899262
1624447330634774196,1287,1624447330635518347,iri_wam_link_base,-0.0902081289908,-0.668254476272,0.34120399591,0.707518458366,0.705880224705,-0.0330973491073,0.007428268902
1624447330724818412,1288,1624447330725633760,iri_wam_link_base,-0.090172638958,-0.671626086729,0.338885499317,0.707349359989,0.705959141254,-0.0348573252559,0.0079694185406
1624447330734874329,1289,1624447330735652904,iri_wam_link_base,-0.0900710908131,-0.672108710093,0.338706548968,0.707182347775,0.706110715866,-0.035157084465,0.0080519001931
1624447330824988002,1290,1624447330825762489,iri_wam_link_base,-0.0897586166741,-0.675352668464,0.335033792775,0.706886589527,0.706444740295,-0.0346875376999,0.00663395319134
1624447330834974900,1291,1624447330835778869,iri_wam_link_base,-0.0896414467551,-0.675561507141,0.334640126769,0.706965863705,0.706383168697,-0.0343258753419,0.00662005925551
1624447330925062156,1292,1624447330925899286,iri_wam_link_base,-0.0888674544151,-0.676023676517,0.333843375542,0.706994533539,0.706514060497,-0.0307076852769,0.0073223374784
1624447330935125085,1293,1624447330935913607,iri_wam_link_base,-0.0886200884117,-0.675937156538,0.333991050572,0.707172095776,0.706397533417,-0.029085194692,0.00801645871252
1624447331026333939,1294,1624447331026031202,iri_wam_link_base,-0.0871691093544,-0.675940973756,0.336296467329,0.707101047039,0.706564366817,-0.0252416860312,0.0117361340672
1624447331036401981,1295,1624447331036047537,iri_wam_link_base,-0.08686237688,-0.67582802115,0.336447001597,0.707128047943,0.70656567812,-0.0242224503309,0.0121686458588
1624447331126430866,1296,1624447331127226232,iri_wam_link_base,-0.0852108885285,-0.675165690634,0.337263850023,0.707023978233,0.706800460815,-0.018313607201,0.0146592529491
1624447331136492613,1297,1624447331137228264,iri_wam_link_base,-0.0849616488574,-0.675114118981,0.337346056019,0.707036018372,0.706796944141,-0.0177915263921,0.0148870553821
1624447331226561419,1298,1624447331227370254,iri_wam_link_base,-0.0823785264518,-0.674494414529,0.337881272126,0.706693470478,0.707254350185,-0.0102465050295,0.0164528619498
1624447331236702251,1299,1624447331237387734,iri_wam_link_base,-0.0819166771028,-0.674467847795,0.337991178305,0.706543385983,0.707405745983,-0.0099884653464,0.0165470428765
1624447331326731385,1300,1624447331327514387,iri_wam_link_base,-0.0780526691088,-0.6735558802,0.339390964312,0.705565214157,0.708477497101,-0.00649589812383,0.0139702865854
1624447331336860161,1301,1624447331337551817,iri_wam_link_base,-0.077429040217,-0.673342590421,0.339619798806,0.705475091934,0.708583474159,-0.00541418092325,0.0136040486395
1624447331426843299,1302,1624447331427660948,iri_wam_link_base,-0.073083138639,-0.672074201927,0.341836665843,0.705446779728,0.708634436131,-0.00138602545485,0.0134237622842
1624447331436925673,1303,1624447331437672852,iri_wam_link_base,-0.0726188949008,-0.671859342203,0.34218331834,0.705471217632,0.708614766598,-0.000955476833042,0.0132130384445
1624447331526981905,1304,1624447331527795254,iri_wam_link_base,-0.0694552534771,-0.669886192736,0.344915272541,0.705271303654,0.708866357803,0.00146679952741,0.00993971247226
1624447331537041839,1305,1624447331537789062,iri_wam_link_base,-0.0691030121276,-0.669675324952,0.345240365834,0.705236434937,0.708895623684,0.00176498177461,0.0102701904252
1624447331627187406,1306,1624447331627926811,iri_wam_link_base,-0.0656027949118,-0.667056511178,0.347176939346,0.705485463142,0.708644330502,0.00584722263739,0.00890441611409
1624447331637243388,1307,1624447331637936558,iri_wam_link_base,-0.0651777883878,-0.666736153849,0.347306764735,0.705434978008,0.708691060543,0.00648620212451,0.00874215085059
1624447331728608073,1308,1624447331728058714,iri_wam_link_base,-0.060293835208,-0.663691674293,0.348019763629,0.70490115881,0.709156632423,0.0119516039267,0.00826968625188
1624447331738393120,1309,1624447331738078790,iri_wam_link_base,-0.0596350691821,-0.663310719217,0.348053899489,0.704940736294,0.709101974964,0.0127272754908,0.00842974893749
1624447331828569818,1310,1624447331829293033,iri_wam_link_base,-0.0528657917413,-0.658586801991,0.346133396204,0.705196559429,0.708612918854,0.0227664783597,0.00687475176528
1624447331838544035,1311,1624447331839272952,iri_wam_link_base,-0.0519625041371,-0.657980818018,0.3458519941,0.70510417223,0.708667457104,0.0239139925689,0.00682494649664
1624447331928655322,1312,1624447331929435455,iri_wam_link_base,-0.0434086449906,-0.651572856401,0.340946046501,0.705072283745,0.708463430405,0.0308490991592,0.000980585347861
1624447331938689544,1313,1624447331939413507,iri_wam_link_base,-0.0422073652232,-0.650793923814,0.340346080671,0.705368340015,0.70814037323,0.0315024852753,0.000515888561495
1624447332028778637,1314,1624447332029565732,iri_wam_link_base,-0.0316250329897,-0.643008095199,0.334903944447,0.70429366827,0.709155738354,0.0318854190409,-0.0072005065158
1624447332038784569,1315,1624447332039583096,iri_wam_link_base,-0.0303489077852,-0.642036347893,0.334291610347,0.704714953899,0.708716869354,0.0322257243097,-0.00766506651416
1624447332128936921,1316,1624447332129700842,iri_wam_link_base,-0.0196435774415,-0.632714698831,0.329822543019,0.704634964466,0.708793818951,0.0297131128609,-0.0147666614503
1624447332138939954,1317,1624447332139716420,iri_wam_link_base,-0.018432228088,-0.631695799461,0.329494454509,0.705017507076,0.708420038223,0.0296229254454,-0.0146241821349
1624447332229056796,1318,1624447332229836432,iri_wam_link_base,-0.00962700058785,-0.621649458836,0.324683778637,0.704426825047,0.709007382393,0.029513027519,-0.0148447994143
1624447332239039727,1319,1624447332239824678,iri_wam_link_base,-0.0086621086566,-0.620377449626,0.324052303711,0.704469621181,0.708950817585,0.0298938620836,-0.0147524951026
1624447332329180357,1320,1624447332329966336,iri_wam_link_base,0.000878723955269,-0.608457856541,0.317872197935,0.70488089323,0.708759844303,0.0256293676794,-0.0120614627376
1624447332339173468,1321,1624447332339953453,iri_wam_link_base,0.0021076325196,-0.607010269353,0.317270388021,0.705009698868,0.708641111851,0.0254932679236,-0.0117984339595
1624447332430247537,1322,1624447332430100869,iri_wam_link_base,0.0135948860567,-0.594689013592,0.314166295508,0.704485297203,0.709279000759,0.0225245952606,-0.0107881370932
1624447332439305703,1323,1624447332440082026,iri_wam_link_base,0.0147946934098,-0.593458579413,0.313965069881,0.704615831375,0.70916390419,0.022288871929,-0.0103105297312
1624447332530448478,1324,1624447332531184649,iri_wam_link_base,0.0238992910089,-0.582670337442,0.31088325589,0.704041659832,0.709763884544,0.0201730299741,-0.012392568402
1624447332540394452,1325,1624447332541130943,iri_wam_link_base,0.0246159716513,-0.581781904515,0.310406739573,0.704366922379,0.709457278252,0.0198968108743,-0.0119024235755
1624447332630578195,1326,1624447332631363432,iri_wam_link_base,0.0305773304263,-0.574128188591,0.303930913998,0.704893171787,0.708840847015,0.0241760015488,-0.0092638656497
1624447332640606605,1327,1624447332641373594,iri_wam_link_base,0.0309995324066,-0.573484889807,0.303151471003,0.705227196217,0.708531320095,0.023765290156,-0.00855477899313
1624447332730863906,1328,1624447332731514379,iri_wam_link_base,0.0374892047005,-0.565170231085,0.296383403581,0.704344153404,0.709198117256,0.0294364374131,-0.00841637980193
1624447332740718527,1329,1624447332741527681,iri_wam_link_base,0.0384157301202,-0.56428998423,0.295872132876,0.704534173012,0.709007382393,0.0296785533428,-0.00769732613117
1624447332830861757,1330,1624447332831658842,iri_wam_link_base,0.0481957715429,-0.55531710304,0.291861924086,0.704171001911,0.709411799908,0.0284171123058,-0.0084025207907
1624447332840932328,1331,1624447332841671528,iri_wam_link_base,0.0493303814006,-0.554284042224,0.291503143242,0.704537034035,0.709067046642,0.0279106236994,-0.00851396005601
1624447332930986326,1332,1624447332931793477,iri_wam_link_base,0.0608562536823,-0.543751585951,0.287253554283,0.704461097717,0.709229052067,0.0252568963915,-0.00952850095928
1624447332940994299,1333,1624447332941825508,iri_wam_link_base,0.0620945444866,-0.542646570606,0.286891683644,0.70381206274,0.709895372391,0.0249400697649,-0.00866284966469
1624447333031109514,1334,1624447333031920567,iri_wam_link_base,0.0726135639228,-0.531110212689,0.282015218725,0.703720152378,0.710049688816,0.0231229402125,-0.00852652173489
1624447333041172371,1335,1624447333041956027,iri_wam_link_base,0.0734779189278,-0.529974970425,0.281600444158,0.703815162182,0.709955394268,0.0232543442398,-0.00817240867764
1624447333131234142,1336,1624447333132056753,iri_wam_link_base,0.0807709292665,-0.520034961429,0.278203441833,0.704001188278,0.709810376167,0.0225814003497,-0.00644876342267
1624447333141286227,1337,1624447333142092007,iri_wam_link_base,0.0814972389472,-0.519113856986,0.277969124358,0.704401493073,0.709435284138,0.0221519097686,-0.00542963948101
1624447333232505559,1338,1624447333232192670,iri_wam_link_base,0.0886678217378,-0.510120303628,0.275045391054,0.703894734383,0.709788203239,0.026730356738,-0.00428641028702
1624447333242482986,1339,1624447333242223455,iri_wam_link_base,0.089502570134,-0.509181409306,0.274630711425,0.704622387886,0.709102034569,0.0258097816259,-0.00392988696694
1624447333332583757,1340,1624447333333394419,iri_wam_link_base,0.0982864239589,-0.500597646466,0.269789689801,0.704652011395,0.709089457989,0.024858109653,-0.00630455231294
1624447333342581836,1341,1624447333343397874,iri_wam_link_base,0.0994029059142,-0.499733703059,0.269149766537,0.70508903265,0.708636164665,0.025497937575,-0.00583934830502
1624447333432711168,1342,1624447333433540887,iri_wam_link_base,0.110008762818,-0.491090427086,0.263198627591,0.704894542694,0.70894664526,0.021927729249,-0.00612627947703
1624447333442957147,1343,1624447333443542329,iri_wam_link_base,0.111149117345,-0.490201366102,0.262726991575,0.70544719696,0.708408951759,0.0215470101684,-0.00606855563819
1624447333532888398,1344,1624447333533677292,iri_wam_link_base,0.121225643309,-0.481039186423,0.257503559468,0.704434454441,0.709273099899,0.0249876528978,-0.00890551973134
1624447333542903657,1345,1624447333543675250,iri_wam_link_base,0.122160416827,-0.480273088303,0.2571139211,0.705085635185,0.708628773689,0.0248680338264,-0.00900362245739
1624447333633036096,1346,1624447333633816216,iri_wam_link_base,0.130883090646,-0.473072910044,0.253352831291,0.70483738184,0.708991527557,0.0208394899964,-0.0100499913096
1624447333643097900,1347,1624447333643801299,iri_wam_link_base,0.131787861701,-0.472254082862,0.252907625367,0.705368101597,0.70848441124,0.020352691412,-0.00956226233393
1624447333733324438,1348,1624447333733946865,iri_wam_link_base,0.140684344897,-0.462399417783,0.247467083637,0.704717576504,0.709088504314,0.0214560255408,-0.0103072766215
1624447333743226921,1349,1624447333743931802,iri_wam_link_base,0.141675557093,-0.461598224096,0.246913736608,0.704951763153,0.708901882172,0.020576979965,-0.0088209034875
1624447333833456172,1350,1624447333834076619,iri_wam_link_base,0.147391075069,-0.452447354394,0.240637043542,0.704434335232,0.70942902565,0.0182869005948,-0.0121781788766
1624447333843263425,1351,1624447333844067659,iri_wam_link_base,0.147645912214,-0.451864357852,0.239860469599,0.704739511013,0.709181904793,0.0167172346264,-0.0111228590831
1624447333934578332,1352,1624447333934223503,iri_wam_link_base,0.146556896392,-0.44505705017,0.230800293025,0.705024003983,0.709030628204,0.0119212530553,-0.00863791257143
1624447333943392784,1353,1624447333944198486,iri_wam_link_base,0.146382343639,-0.444515274319,0.229880503068,0.705212712288,0.708875834942,0.0110789174214,-0.00687836203724
1624447334034782527,1354,1624447334035427450,iri_wam_link_base,0.144975962897,-0.438442197277,0.22282741922,0.705528140068,0.708522379398,0.0135309882462,-0.00655942969024
1624447334044653069,1355,1624447334045293460,iri_wam_link_base,0.144921770387,-0.438037650596,0.222253426413,0.705417811871,0.708643734455,0.0132854487747,-0.00576314050704
1624447334134796284,1356,1624447334135577366,iri_wam_link_base,0.144654925494,-0.432565719919,0.215160866556,0.70505464077,0.709009408951,0.0136958584189,-0.00400306656957
1624447334144729809,1357,1624447334145540283,iri_wam_link_base,0.144751181827,-0.431945287815,0.21437261305,0.705226123333,0.708824694157,0.0144220860675,-0.00396100012586
1624447334234953682,1358,1624447334235708322,iri_wam_link_base,0.145445014852,-0.427089840875,0.206460149103,0.704840362072,0.709188878536,0.0155050409958,-0.00328316120431
1624447334244878237,1359,1624447334245667735,iri_wam_link_base,0.145552855144,-0.426732295551,0.20563078179,0.704923450947,0.709124565125,0.0146774314344,-0.00313575402834
1624447334335057354,1360,1624447334335847028,iri_wam_link_base,0.147651405004,-0.422767767877,0.19787185217,0.704796493053,0.709211170673,0.0153754306957,-0.00670890975744
1624447334345096592,1361,1624447334345786585,iri_wam_link_base,0.147766754415,-0.4222741715,0.196970589372,0.704704344273,0.709302067757,0.0153757659718,-0.00677987979725
1624447334435167925,1362,1624447334435982556,iri_wam_link_base,0.148163245209,-0.416911952208,0.187233359545,0.704786837101,0.709309875965,0.0112493699417,-0.00533597636968
1624447334445178916,1363,1624447334445904776,iri_wam_link_base,0.148163721449,-0.416452020402,0.18622514648,0.705020904541,0.709089696407,0.0105249974877,-0.00514981802553
1624447334535326647,1364,1624447334536118718,iri_wam_link_base,0.148242523824,-0.412408665874,0.177024449764,0.704963028431,0.709116280079,0.0107563594356,-0.00809466838837
1624447334545314586,1365,1624447334546039757,iri_wam_link_base,0.148248080112,-0.412113447913,0.176159735399,0.705068290234,0.70901042223,0.0107276001945,-0.00823949556798
1624447334636431386,1366,1624447334636253410,iri_wam_link_base,0.148297540905,-0.408224603314,0.168382732812,0.70514446497,0.70891559124,0.01232152991,-0.00762358587235
1624447334645444768,1367,1624447334646164790,iri_wam_link_base,0.148341628714,-0.407762352707,0.167590198074,0.705170452595,0.708871543407,0.0131039964035,-0.00800189655274
1624447334736692125,1368,1624447334737323322,iri_wam_link_base,0.148383084154,-0.403718416561,0.159686206451,0.704760730267,0.709213733673,0.016527781263,-0.007415803615
1624447334746808041,1369,1624447334746283208,iri_wam_link_base,0.148303481507,-0.403303105118,0.158968404509,0.704654991627,0.709306776524,0.016857041046,-0.0078152846545
1624447334836930447,1370,1624447334837529791,iri_wam_link_base,0.148529890206,-0.402922478443,0.152670105867,0.705111682415,0.70897436142,0.0129337552935,0.00235901144333
1624447334846893767,1371,1624447334847567214,iri_wam_link_base,0.148671121342,-0.403532168141,0.152351825439,0.705106019974,0.70898938179,0.0118125174195,0.00447435537353
1624447334936912748,1372,1624447334937684621,iri_wam_link_base,0.147904409206,-0.408453140049,0.150271075689,0.705925226212,0.708176374435,0.00802420079708,0.00956025253981
1624447334946976800,1373,1624447334947699778,iri_wam_link_base,0.147905140738,-0.409353853702,0.150227069396,0.705793380737,0.70829886198,0.00752099743113,0.0105764251202
1624447335037162185,1374,1624447335037823484,iri_wam_link_base,0.148323417794,-0.419722847094,0.151246975832,0.707080245018,0.7068567276,0.00189804122783,0.019684124738
1624447335047089571,1375,1624447335047818380,iri_wam_link_base,0.148461664752,-0.4208776799,0.15144950425,0.707124233246,0.706777274609,0.00125997257419,0.0209661219269
1624447335137191853,1376,1624447335137961069,iri_wam_link_base,0.148747218836,-0.430627072666,0.153486992255,0.707490324974,0.706210136414,-0.00482847401872,0.0264835171402
1624447335147200445,1377,1624447335147938859,iri_wam_link_base,0.148794005036,-0.431562207264,0.153686172475,0.707350075245,0.706328928471,-0.00550212385133,0.0269273612648
1624447335237326310,1378,1624447335238096300,iri_wam_link_base,0.1491019924,-0.440730356982,0.155759150291,0.707314550877,0.706188678741,-0.0112967379391,0.0295976717025
1624447335247246061,1379,1624447335248079175,iri_wam_link_base,0.149238680224,-0.441838095092,0.156109020206,0.707209348679,0.706279993057,-0.0118974121287,0.0296972282231
1624447335337455080,1380,1624447335338246118,iri_wam_link_base,0.149912252683,-0.451352819453,0.159807189166,0.708084404469,0.705343186855,-0.0164264142513,0.0289423372597
1624447335347384143,1381,1624447335348205561,iri_wam_link_base,0.150048796955,-0.452353964801,0.16033318443,0.708305537701,0.705129027367,-0.0165090318769,0.0287004280835
1624447335438704108,1382,1624447335438385596,iri_wam_link_base,0.15061196813,-0.462360428145,0.165162545084,0.70851868391,0.704886972904,-0.0192894004285,0.0276333913207
1624447335448587038,1383,1624447335448319716,iri_wam_link_base,0.150745901324,-0.463274535677,0.165666258303,0.708690226078,0.704691529274,-0.0194800253958,0.0280807353556
1624447335538819068,1384,1624447335539632999,iri_wam_link_base,0.151416907033,-0.47253980879,0.17089829344,0.708339452744,0.705036401749,-0.0216604173183,0.0266401264817
1624447335548689868,1385,1624447335549493296,iri_wam_link_base,0.151563616984,-0.473650638768,0.171610273968,0.708496391773,0.70483237505,-0.02237345092,0.0272694639862
1624447335639126996,1386,1624447335639780945,iri_wam_link_base,0.152377547558,-0.481872185504,0.177428591798,0.708961188793,0.704402208328,-0.0235075727105,0.0252784211189
1624447335648913952,1387,1624447335649649554,iri_wam_link_base,0.152591918922,-0.482986413716,0.178209576545,0.7084851861,0.704824268818,-0.0239346139133,0.0264313016087
1624447335739154040,1388,1624447335739957350,iri_wam_link_base,0.153295692723,-0.49109010504,0.184327211084,0.709097504616,0.704256951809,-0.0244917348027,0.0245561487973
1624447335748950745,1389,1624447335749770374,iri_wam_link_base,0.153498046004,-0.492141418211,0.185120930552,0.708755910397,0.704537510872,-0.0251065455377,0.0257226061076
1624447335839318948,1390,1624447335840091994,iri_wam_link_base,0.154054577773,-0.496671462871,0.189763099637,0.708723306656,0.704981923103,-0.0190847907215,0.0186412408948
1624447335849113710,1391,1624447335849892757,iri_wam_link_base,0.154067909726,-0.496789359286,0.189929516174,0.708626687527,0.705111086369,-0.0184343159199,0.0180738698691
1624447335939371394,1392,1624447335940226602,iri_wam_link_base,0.153421468648,-0.49727833574,0.189241947059,0.709280133247,0.704481601715,-0.0182426273823,0.0171636547893
1624447335949269241,1393,1624447335950041292,iri_wam_link_base,0.15334500885,-0.49732613834,0.189193060712,0.709326386452,0.704434394836,-0.0182992704213,0.0171283055097
1624447336040570927,1394,1624447336040361789,iri_wam_link_base,0.153106381347,-0.497488033829,0.188945751348,0.709466099739,0.704301536083,-0.0182941425592,0.0168100651354
1624447336049348974,1395,1624447336050170062,iri_wam_link_base,0.153109530614,-0.497498440474,0.188930588306,0.709443628788,0.704322934151,-0.0183286368847,0.0168237946928
1624447336140770535,1396,1624447336141448577,iri_wam_link_base,0.152972063477,-0.497582096533,0.188806805413,0.709520041943,0.704250633717,-0.0183102097362,0.0166482608765
1624447336149492608,1397,1624447336150292725,iri_wam_link_base,0.15295713764,-0.497592542557,0.188791367391,0.709534049034,0.704236865044,-0.0183118060231,0.0166304912418
1624447336240880896,1398,1624447336241657431,iri_wam_link_base,0.152960385505,-0.497597401209,0.188775929454,0.709499061108,0.704272449017,-0.0183139517903,0.0166121125221
1624447336251119917,1399,1624447336250432311,iri_wam_link_base,0.152946949077,-0.497605876251,0.188776060208,0.709533631802,0.704236865044,-0.018302841112,0.0166566111147
1624447336341138056,1400,1624447336341794216,iri_wam_link_base,0.152932123796,-0.497610777623,0.188760348053,0.709535121918,0.704237401485,-0.0182720758021,0.0166067518294
1624447336351183975,1401,1624447336351785400,iri_wam_link_base,0.152912358176,-0.497623874163,0.188745053829,0.709503769875,0.704268455505,-0.0183182973415,0.0165752936155
1624447336441148386,1402,1624447336441926565,iri_wam_link_base,0.152897431037,-0.497634315876,0.188729616142,0.709481656551,0.704291164875,-0.0183207448572,0.0165565796196
1624447336451358279,1403,1624447336451905787,iri_wam_link_base,0.152902270048,-0.497631662508,0.188729472462,0.709527015686,0.704246282578,-0.0182761214674,0.0165702700615
1624447336541277682,1404,1624447336542062328,iri_wam_link_base,0.152887240723,-0.49764764603,0.188714308529,0.709481239319,0.70429122448,-0.0183117873967,0.0165826994926
1624447336551164921,1405,1624447336552018376,iri_wam_link_base,0.152887240723,-0.49764764603,0.188714308529,0.709481239319,0.70429122448,-0.0183117873967,0.0165826994926
1624447336641418027,1406,1624447336642210449,iri_wam_link_base,0.152872312821,-0.497658085781,0.188698870819,0.709459066391,0.704313874245,-0.0183142349124,0.0165639854968
1624447336651445973,1407,1624447336652145999,iri_wam_link_base,0.152863710032,-0.497685438689,0.188701786961,0.709499120712,0.704274177551,-0.0183006133884,0.0165534354746
1624447336742609435,1408,1624447336742364204,iri_wam_link_base,0.152872312821,-0.497658085781,0.188698870819,0.709459066391,0.704313874245,-0.0183142349124,0.0165639854968
1624447336751503067,1409,1624447336752314537,iri_wam_link_base,0.152872211279,-0.497663628311,0.188699144927,0.709435462952,0.704336106777,-0.018347453326,0.0165951251984
1624447336842982679,1410,1624447336843495395,iri_wam_link_base,0.152857486985,-0.497662981754,0.188683159705,0.709460556507,0.704314351082,-0.0182834547013,0.016514133662
1624447336852586614,1411,1624447336852428953,iri_wam_link_base,0.152885049262,-0.497693523659,0.188689575277,0.7094835639,0.704288005829,-0.0183053519577,0.0166248939931
1624447336943014517,1412,1624447336943717835,iri_wam_link_base,0.152875663203,-0.497657398555,0.188683159705,0.709447681904,0.70432728529,-0.0182831548154,0.0165144708008
1624447336952870516,1413,1624447336953500921,iri_wam_link_base,0.152863710032,-0.497685438689,0.188701786961,0.709462881088,0.704310655594,-0.0183014646173,0.0165524967015
1624447337043074461,1414,1624447337043851177,iri_wam_link_base,0.15286212106,-0.497671414789,0.188683563329,0.709422469139,0.704350352287,-0.0183061398566,0.0165891665965
1624447337053009927,1415,1624447337053741192,iri_wam_link_base,0.152852647667,-0.497665634552,0.188683303584,0.709415197372,0.704359233379,-0.0183280725032,0.0165004339069
1624447337143228239,1416,1624447337143991497,iri_wam_link_base,0.152842354069,-0.497684504585,0.188668269509,0.709391057491,0.704381525517,-0.0183523483574,0.0165576934814
1624447337153024935,1417,1624447337153865711,iri_wam_link_base,0.152859160757,-0.497678614099,0.188655379623,0.709437310696,0.704337120056,-0.0183011852205,0.0165229868144
1624447337243423376,1418,1624447337244124195,iri_wam_link_base,0.15283613082,-0.497662045581,0.188649644025,0.70938873291,0.704385280609,-0.0183343347162,0.0165193360299
1624447337253144438,1419,1624447337253972770,iri_wam_link_base,0.15284245604,-0.497678962051,0.18866799565,0.70941478014,0.704359173775,-0.0183191224933,0.0165265556425
1624447337343516503,1420,1624447337344256232,iri_wam_link_base,0.15284245604,-0.497678962051,0.18866799565,0.70941478014,0.704359173775,-0.0183191224933,0.0165265556425
1624447337353383918,1421,1624447337354100556,iri_wam_link_base,0.152842354069,-0.497684504585,0.188668269509,0.709391057491,0.704381525517,-0.0183523483574,0.0165576934814
1624447337444640364,1422,1624447337444404145,iri_wam_link_base,0.152844232058,-0.497689050869,0.188639941663,0.709415078163,0.704359829426,-0.0183036308736,0.0165042709559
1624447337453418772,1423,1624447337454251987,iri_wam_link_base,0.152827424976,-0.497694941106,0.188652831927,0.709405124187,0.704367756844,-0.0183539427817,0.0165399163961
1624447337549269019,1424,1624447337548912234,iri_wam_link_base,0.152827527161,-0.497689398569,0.188652558191,0.709428787231,0.704345464706,-0.0183207187802,0.0165087841451
1624447337553529249,1425,1624447337554364164,iri_wam_link_base,0.152827527161,-0.497689398569,0.188652558191,0.709428787231,0.704345464706,-0.0183207187802,0.0165087841451
1624447337649405166,1426,1624447337650218485,iri_wam_link_base,0.152845704345,-0.497683816464,0.188652558191,0.709415912628,0.704358518124,-0.0183204188943,0.0165091194212
1624447337654847670,1427,1624447337654482468,iri_wam_link_base,0.152827527161,-0.497689398569,0.188652558191,0.709428787231,0.704345464706,-0.0183207187802,0.0165087841451
1624447337749622243,1428,1624447337750367850,iri_wam_link_base,0.152827527161,-0.497689398569,0.188652558191,0.709392607212,0.704382002354,-0.0183215662837,0.0165078416467
1624447337754913536,1429,1624447337755745012,iri_wam_link_base,0.152827527161,-0.497689398569,0.188652558191,0.709392607212,0.704382002354,-0.0183215662837,0.0165078416467
1624447337850855182,1430,1624447337850547416,iri_wam_link_base,0.152827527161,-0.497689398569,0.188652558191,0.709392607212,0.704382002354,-0.0183215662837,0.0165078416467
1624447337855153019,1431,1624447337855872023,iri_wam_link_base,0.152812597958,-0.497699834011,0.188637120817,0.709442794323,0.704331696033,-0.0183223132044,0.0164910070598
1624447337950972658,1432,1624447337951746639,iri_wam_link_base,0.152812597958,-0.497699834011,0.188637120817,0.709406614304,0.704368233681,-0.018323160708,0.016490066424
1624447337955115033,1433,1624447337955971339,iri_wam_link_base,0.152827527161,-0.497689398569,0.188652558191,0.709392607212,0.704382002354,-0.0183215662837,0.0165078416467
1624447338051108426,1434,1624447338051892522,iri_wam_link_base,0.152812495558,-0.497705376549,0.188637394428,0.70938295126,0.704390466213,-0.0183563865721,0.0165212005377
1624447338055190072,1435,1624447338056073060,iri_wam_link_base,0.152812597958,-0.497699834011,0.188637120817,0.709406614304,0.704368233681,-0.018323160708,0.016490066424
1624447338151186196,1436,1624447338152029709,iri_wam_link_base,0.152812597958,-0.497699834011,0.188637120817,0.709406614304,0.704368233681,-0.018323160708,0.016490066424
1624447338155308366,1437,1624447338156178386,iri_wam_link_base,0.152812597958,-0.497699834011,0.188637120817,0.709406614304,0.704368233681,-0.018323160708,0.016490066424
1624447338251358339,1438,1624447338252158915,iri_wam_link_base,0.152806273124,-0.497682916194,0.188618770301,0.709380567074,0.704394221306,-0.0183383710682,0.0164828449488
1624447338255548935,1439,1624447338256282444,iri_wam_link_base,0.152812495558,-0.497705376549,0.188637394428,0.70938295126,0.704390466213,-0.0183563865721,0.0165212005377
1624447338351512757,1440,1624447338352294786,iri_wam_link_base,0.152817334088,-0.497702724921,0.188637250381,0.709428369999,0.704345583916,-0.0183117780834,0.016534904018
1624447338355600339,1441,1624447338356393775,iri_wam_link_base,0.152797668428,-0.497710268374,0.188621683527,0.709420621395,0.704354524612,-0.0183247551322,0.016472293064
1624447338451697525,1442,1624447338452441277,iri_wam_link_base,0.152812597958,-0.497699834011,0.188637120817,0.709406614304,0.704368233681,-0.018323160708,0.016490066424
1624447338456797037,1443,1624447338456524447,iri_wam_link_base,0.152797668428,-0.497710268374,0.188621683527,0.709420621395,0.704354524612,-0.0183247551322,0.016472293064
