%time,field.header.seq,field.header.stamp,field.header.frame_id,field.pose.position.x,field.pose.position.y,field.pose.position.z,field.pose.orientation.x,field.pose.orientation.y,field.pose.orientation.z,field.pose.orientation.w
1624447764844531204,7980,1624447764845294188,iri_wam_link_base,-0.0525610574398,-0.448674786697,0.340736644162,0.705507099628,0.708496451378,0.00211218371987,0.0169716365635
1624447764855889180,7981,1624447764855867245,iri_wam_link_base,-0.0525559267694,-0.448671150427,0.340736707005,0.705521523952,0.708481729031,0.00216341949999,0.0169803816825
1624447764944598580,7982,1624447764945437120,iri_wam_link_base,-0.0525610574398,-0.448674786697,0.340736644162,0.705507099628,0.708496451378,0.00211218371987,0.0169716365635
1624447764956071680,7983,1624447764956937119,iri_wam_link_base,-0.0525610574398,-0.448674786697,0.340736644162,0.705507099628,0.708496451378,0.00211218371987,0.0169716365635
1624447765044735083,7984,1624447765045586211,iri_wam_link_base,-0.052559917151,-0.448659194361,0.340712950581,0.705510139465,0.708493888378,0.00214730924927,0.0169478319585
1624447765056175358,7985,1624447765057142912,iri_wam_link_base,-0.0525438891762,-0.448686744245,0.34072354615,0.70549172163,0.708511888981,0.00212534703314,0.0169644039124
1624447765144912429,7986,1624447765145747224,iri_wam_link_base,-0.0525559267694,-0.448671150427,0.340736707005,0.705521523952,0.708481729031,0.00216341949999,0.0169803816825
1624447765156284027,7987,1624447765157257214,iri_wam_link_base,-0.0525559267694,-0.448671150427,0.340736707005,0.705521523952,0.708481729031,0.00216341949999,0.0169803816825
1624447765246272294,7988,1624447765245954242,iri_wam_link_base,-0.0525559267694,-0.448671150427,0.340736707005,0.705521523952,0.708481729031,0.00216341949999,0.0169803816825
1624447765256404195,7989,1624447765257382034,iri_wam_link_base,-0.0525547864582,-0.448655558128,0.340713013809,0.705524563789,0.708479166031,0.00219854456373,0.0169565770775
1624447765346422599,7990,1624447765347311623,iri_wam_link_base,-0.0525547864582,-0.448655558128,0.340713013809,0.705524563789,0.708479166031,0.00219854456373,0.0169565770775
1624447765356588152,7991,1624447765357502146,iri_wam_link_base,-0.0525559267694,-0.448671150427,0.340736707005,0.705521523952,0.708481729031,0.00216341949999,0.0169803816825
1624447765446598822,7992,1624447765447463050,iri_wam_link_base,-0.0525403119928,-0.448661834726,0.340699725476,0.705494225025,0.708510637283,0.00222878111526,0.0169007945806
1624447765456855847,7993,1624447765457716065,iri_wam_link_base,-0.0525547864582,-0.448655558128,0.340713013809,0.705524563789,0.708479166031,0.00219854456373,0.0169565770775
1624447765546760678,7994,1624447765547636842,iri_wam_link_base,-0.0525547864582,-0.448655558128,0.340713013809,0.705524563789,0.708479166031,0.00219854456373,0.0169565770775
1624447765558101034,7995,1624447765557966793,iri_wam_link_base,-0.0525547864582,-0.448655558128,0.340713013809,0.705538928509,0.708464443684,0.00224978080951,0.0169653203338
1624447765646903985,7996,1624447765647794642,iri_wam_link_base,-0.0525547864582,-0.448655558128,0.340713013809,0.705524563789,0.708479166031,0.00219854456373,0.0169565770775
1624447765658219684,7997,1624447765659167933,iri_wam_link_base,-0.0525559267694,-0.448671150427,0.340736707005,0.705521523952,0.708481729031,0.00216341949999,0.0169803816825
1624447765748160107,7998,1624447765747944176,iri_wam_link_base,-0.0525559267694,-0.448671150427,0.340736707005,0.705521523952,0.708481729031,0.00216341949999,0.0169803816825
1624447765758336835,7999,1624447765759315032,iri_wam_link_base,-0.0525559267694,-0.448671150427,0.340736707005,0.705521523952,0.708481729031,0.00216341949999,0.0169803816825
1624447765848313769,8000,1624447765849170886,iri_wam_link_base,-0.0525559267694,-0.448671150427,0.340736707005,0.705521523952,0.708481729031,0.00216341949999,0.0169803816825
1624447765858531186,8001,1624447765859445862,iri_wam_link_base,-0.0525559267694,-0.448671150427,0.340736707005,0.705521523952,0.708481729031,0.00216341949999,0.0169803816825
1624447765948420921,8002,1624447765949336283,iri_wam_link_base,-0.0525376188593,-0.448667514731,0.34069991639,0.705509066582,0.708494722843,0.0022117071785,0.0169493369758
1624447765958602966,8003,1624447765959587751,iri_wam_link_base,-0.0525547864582,-0.448655558128,0.340713013809,0.705524563789,0.708479166031,0.00219854456373,0.0169565770775
1624447766048550353,8004,1624447766049483530,iri_wam_link_base,-0.0525496554273,-0.448651922155,0.340713077702,0.705538928509,0.708464443684,0.00224978080951,0.0169653203338
1624447766058745699,8005,1624447766059709627,iri_wam_link_base,-0.0525273567824,-0.448660242592,0.340700045125,0.705537855625,0.708465278149,0.0023141799029,0.0169668253511
1624447766148709534,8006,1624447766149631395,iri_wam_link_base,-0.0525496554273,-0.448651922155,0.340713077702,0.705538928509,0.708464443684,0.00224978080951,0.0169653203338
1624447766158827544,8007,1624447766159838356,iri_wam_link_base,-0.0525324879898,-0.448663878532,0.340699980425,0.705523431301,0.708480000496,0.00226294319145,0.0169580820948
1624447766248852780,8008,1624447766249774237,iri_wam_link_base,-0.0525496554273,-0.448651922155,0.340713077702,0.705538928509,0.708464443684,0.00224978080951,0.0169653203338
1624447766258958456,8009,1624447766259947902,iri_wam_link_base,-0.0525496554273,-0.448651922155,0.340713077702,0.705538928509,0.708464443684,0.00224978080951,0.0169653203338
1624447766348979392,8010,1624447766349911116,iri_wam_link_base,-0.0525405327306,-0.448660243167,0.340736899521,0.70556473732,0.708437561989,0.0023171310313,0.0170066226274
1624447766360105982,8011,1624447766360999168,iri_wam_link_base,-0.0525445240586,-0.44864828644,0.340713142258,0.705553352833,0.708449721336,0.00230101705529,0.0169740691781
1624447766450179200,8012,1624447766450044466,iri_wam_link_base,-0.0321679330985,-0.432903965656,0.336703076798,0.705071032047,0.706003367901,0.066530443728,0.00278220069595
1624447766460592149,8013,1624447766461432275,iri_wam_link_base,-0.0290268858542,-0.430246590578,0.335982627509,0.703971505165,0.707202732563,0.0654552578926,0.00201128027402
1624447766550400379,8014,1624447766551246312,iri_wam_link_base,0.00456636060583,-0.409197875625,0.339564842295,0.705366551876,0.708691358566,0.0146487699822,0.000181234267075
1624447766560720394,8015,1624447766561704947,iri_wam_link_base,0.00720739457753,-0.407213131161,0.340885631744,0.704862713814,0.709252953529,0.0112435640767,0.00154660549015
1624447766650516519,8016,1624447766651440689,iri_wam_link_base,0.0125427011299,-0.394545223878,0.352174730572,0.705826818943,0.708354234695,-0.00316757289693,0.00571400020272
1624447766660816734,8017,1624447766661835214,iri_wam_link_base,0.0112583493027,-0.393910657756,0.352899452983,0.706463038921,0.707702159882,-0.00510521326214,0.00645009800792
1624447766750630703,8018,1624447766751571293,iri_wam_link_base,-0.0017016195728,-0.392244332177,0.355225694684,0.708339750767,0.705775022507,-0.00907832384109,0.00734722288325
1624447766760946879,8019,1624447766761953541,iri_wam_link_base,-0.00223514094392,-0.392640013777,0.354867626728,0.708547234535,0.705573379993,-0.00892566610128,0.00688620191067
1624447766850744871,8020,1624447766851704012,iri_wam_link_base,-0.000706744610707,-0.399733952817,0.349473431886,0.707988679409,0.706193387508,-0.00562997721136,0.00335634336807
1624447766862158256,8021,1624447766862076298,iri_wam_link_base,4.51026044496e-05,-0.400867562436,0.349049046609,0.707577466965,0.706607580185,-0.00554065499455,0.00302896462381
1624447766950918961,8022,1624447766951837126,iri_wam_link_base,0.00367626268156,-0.407903250121,0.352064129706,0.706087350845,0.708008408546,-0.0101803680882,0.00781570840627
1624447766962767179,8023,1624447766963644402,iri_wam_link_base,0.00365087269795,-0.408636713955,0.353103091652,0.706138789654,0.707925975323,-0.0113825555891,0.00889853201807
1624447767051051275,8024,1624447767051976637,iri_wam_link_base,0.00285448105391,-0.413734462931,0.36012477786,0.706172764301,0.707589685917,-0.020085895434,0.0152783337981
1624447767062875670,8025,1624447767063875185,iri_wam_link_base,0.00269417263379,-0.414234489698,0.360754301135,0.706167817116,0.707580685616,-0.0205105412751,0.0153590282425
1624447767152231570,8026,1624447767153039661,iri_wam_link_base,0.00264437893806,-0.415414428255,0.363459097903,0.706979036331,0.706847846508,-0.0175897385925,0.0154090439901
1624447767164274382,8027,1624447767164011661,iri_wam_link_base,0.00266406996564,-0.415590796119,0.363750383482,0.706947147846,0.706862568855,-0.0179590601474,0.0157621819526
1624447767252352955,8028,1624447767253290628,iri_wam_link_base,0.00234711541613,-0.418214519638,0.367490110152,0.706637382507,0.70697414875,-0.0226385127753,0.0184023529291
1624447767264416921,8029,1624447767265341122,iri_wam_link_base,0.00224857034917,-0.418801334464,0.368296771846,0.706580221653,0.70700097084,-0.0234095826745,0.0186015646905
1624447767352513254,8030,1624447767353443062,iri_wam_link_base,0.00245413648483,-0.423871436289,0.374854433836,0.707252383232,0.706375896931,-0.0215847101063,0.0190083533525
1624447767366607949,8031,1624447767366423287,iri_wam_link_base,0.00244968846365,-0.424644587932,0.375868797417,0.706921815872,0.70671415329,-0.0220317170024,0.0181997530162
1624447767452647684,8032,1624447767453577963,iri_wam_link_base,0.0029814286174,-0.42759567909,0.379733914098,0.706825435162,0.706770122051,-0.0223643500358,0.019328225404
1624447767466783759,8033,1624447767467725362,iri_wam_link_base,0.00294957246696,-0.427890199272,0.38005189919,0.706702888012,0.706894814968,-0.0226957835257,0.0188561361283
1624447767552768680,8034,1624447767553711793,iri_wam_link_base,0.00288218842447,-0.431684791086,0.382128429645,0.706710517406,0.706783533096,-0.0249419715255,0.0198789052665
1624447767566893045,8035,1624447767567873672,iri_wam_link_base,0.00288617627169,-0.432572344248,0.382640320585,0.706768274307,0.706706702709,-0.025306193158,0.0200951043516
1624447767652933521,8036,1624447767653842992,iri_wam_link_base,0.00344723745682,-0.436973241064,0.387373883486,0.706901371479,0.706562936306,-0.0251064226031,0.020709965378
1624447767667051255,8037,1624447767668011449,iri_wam_link_base,0.00335833254294,-0.437520655225,0.388271508873,0.706562519073,0.706885397434,-0.0261504407972,0.0199662446976
1624447767753066183,8038,1624447767753981833,iri_wam_link_base,0.00139694614965,-0.441938155414,0.391881258343,0.707118809223,0.706070721149,-0.0318001247942,0.0208776146173
1624447767768261325,8039,1624447767768133316,iri_wam_link_base,0.000742257176105,-0.4430445017,0.391915836438,0.707634747028,0.705523610115,-0.0324215367436,0.020936505869
1624447767854235608,8040,1624447767854112789,iri_wam_link_base,-0.00279916109369,-0.449166658863,0.388877124331,0.709001302719,0.704212009907,-0.0330316573381,0.0176474545151
1624447767868436781,8041,1624447767869352610,iri_wam_link_base,-0.00341322255046,-0.450402145715,0.388076400073,0.708950817585,0.70428788662,-0.0329046286643,0.0168699920177
1624447767954418168,8042,1624447767955310381,iri_wam_link_base,-0.00615960519243,-0.459669871845,0.387259558688,0.708107829094,0.704946577549,-0.0369606502354,0.0163564607501
1624447767968558348,8043,1624447767969504172,iri_wam_link_base,-0.00655963024548,-0.461599065911,0.387681749086,0.708265900612,0.704728841782,-0.03785417974,0.0168429184705
1624447768054525518,8044,1624447768055467476,iri_wam_link_base,-0.00927113032839,-0.472446448619,0.390090096505,0.708751797676,0.704380691051,-0.0351841710508,0.0167575292289
1624447768068849041,8045,1624447768069633638,iri_wam_link_base,-0.00996472256565,-0.473906013101,0.390191610638,0.70838534832,0.704771459103,-0.0350306071341,0.0161314737052
1624447768154663982,8046,1624447768155607095,iri_wam_link_base,-0.015339862056,-0.481701622525,0.388406172463,0.708338677883,0.704729139805,-0.0378250777721,0.0135050686076
1624447768168795754,8047,1624447768169760477,iri_wam_link_base,-0.0162850783406,-0.482913707735,0.38801167571,0.707952857018,0.705113828182,-0.0380690321326,0.0129612032324
1624447768254836510,8048,1624447768255744089,iri_wam_link_base,-0.0217416800954,-0.491484973756,0.38759548763,0.708213925362,0.704981863499,-0.0358384996653,0.0122110834345
1624447768268934330,8049,1624447768269880243,iri_wam_link_base,-0.0226198824154,-0.493076532019,0.387849223314,0.708613455296,0.70455121994,-0.0363429710269,0.0123980529606
1624447768354944979,8050,1624447768355894175,iri_wam_link_base,-0.0268181513571,-0.502437500382,0.389221026405,0.708827912807,0.704233527184,-0.0378499254584,0.0136215034872
1624447768369056011,8051,1624447768370022750,iri_wam_link_base,-0.0272959847673,-0.503807402038,0.389199136315,0.708864748478,0.704202234745,-0.0377254299819,0.0136667219922
1624447768455087504,8052,1624447768456036514,iri_wam_link_base,-0.0309862362583,-0.511730120805,0.388305434292,0.708055734634,0.70500677824,-0.038289129734,0.0125116053969
1624447768470374591,8053,1624447768470150489,iri_wam_link_base,-0.0316283300276,-0.513021563905,0.388096298295,0.70817476511,0.704871535301,-0.0386651456356,0.0122289992869
1624447768556262080,8054,1624447768556170793,iri_wam_link_base,-0.0356146768485,-0.520683870918,0.387761921015,0.708414971828,0.704605102539,-0.039314866066,0.0115843350068
1624447768570500563,8055,1624447768571369971,iri_wam_link_base,-0.036380035135,-0.522125143471,0.387904758635,0.708685040474,0.704256474972,-0.0406740792096,0.0115733798593
1624447768656452975,8056,1624447768657362481,iri_wam_link_base,-0.0402390952058,-0.529149372073,0.387947457177,0.708089649677,0.704795241356,-0.0418090708554,0.0111665176228
1624447768670589899,8057,1624447768671520666,iri_wam_link_base,-0.0407725732773,-0.530262382489,0.387848916438,0.707872271538,0.705031812191,-0.0415411181748,0.0110114663839
1624447768756597444,8058,1624447768757512714,iri_wam_link_base,-0.043899459329,-0.537910386531,0.387454614492,0.708662748337,0.704210460186,-0.0420668013394,0.0107292318717
1624447768770920397,8059,1624447768771655301,iri_wam_link_base,-0.0444140264757,-0.539234365827,0.387410778357,0.708562910557,0.704284667969,-0.042515065521,0.010683754459
1624447768856734204,8060,1624447768857653244,iri_wam_link_base,-0.0480847322304,-0.547248729138,0.387358377785,0.708272755146,0.704346418381,-0.0463515967131,0.0098666716367
1624447768870962033,8061,1624447768871776729,iri_wam_link_base,-0.0485943431636,-0.548512946904,0.387290231183,0.708358168602,0.704313158989,-0.0455232821405,0.00996377971023
1624447768956885663,8062,1624447768957790610,iri_wam_link_base,-0.0534921653856,-0.556526324125,0.386503144859,0.708429038525,0.704311192036,-0.0446771681309,0.00883522443473
1624447768971014958,8063,1624447768971906887,iri_wam_link_base,-0.0544320326705,-0.558005612371,0.386445553251,0.708108484745,0.704564154148,-0.0458453409374,0.00835982523859
1624447769057016970,8064,1624447769057925065,iri_wam_link_base,-0.0589590334294,-0.566076181388,0.385698525092,0.707930088043,0.704841792583,-0.0445003136992,0.00726008135825
1624447769071124780,8065,1624447769072051370,iri_wam_link_base,-0.0594547430073,-0.567227527016,0.385518988595,0.708113193512,0.704720020294,-0.0434965118766,0.0073099094443
1624447769157131544,8066,1624447769158063856,iri_wam_link_base,-0.0624289373905,-0.574919920552,0.384592673715,0.709057033062,0.703599572182,-0.0463790334761,0.00588852819055
1624447769172234015,8067,1624447769172180326,iri_wam_link_base,-0.0627727960584,-0.57621147855,0.384517371665,0.708677530289,0.703947722912,-0.046902846545,0.00582069065422
1624447769258333389,8068,1624447769258213929,iri_wam_link_base,-0.0660419200614,-0.583621797706,0.384270272968,0.707757234573,0.704495966434,-0.0524187348783,0.00416840566322
1624447769272630243,8069,1624447769273370947,iri_wam_link_base,-0.0667334250106,-0.584811728942,0.384192706437,0.707655370235,0.704630672932,-0.0519835278392,0.00415060995147
1624447769358640597,8070,1624447769359422104,iri_wam_link_base,-0.0710014338137,-0.591770961327,0.38492852869,0.708529055119,0.703893482685,-0.0497409366071,0.00680838664994
1624447769372706123,8071,1624447769373647990,iri_wam_link_base,-0.0718250503222,-0.593074720268,0.385144839309,0.708775401115,0.703611075878,-0.0501808002591,0.00712521420792
1624447769458651774,8072,1624447769459571963,iri_wam_link_base,-0.0765541263957,-0.601751258784,0.385371763026,0.707531988621,0.704874038696,-0.0495076775551,0.0100046768785
1624447769472822847,8073,1624447769473773472,iri_wam_link_base,-0.0774397419273,-0.603252434178,0.385271086139,0.707648932934,0.704689860344,-0.0504433736205,0.010029701516
1624447769558820177,8074,1624447769559706002,iri_wam_link_base,-0.0819603698575,-0.612656534182,0.38378587969,0.708256721497,0.704003334045,-0.0511199682951,0.0117677068338
1624447769572937711,8075,1624447769573891753,iri_wam_link_base,-0.0825513755803,-0.614099904248,0.383557929113,0.708222091198,0.704095125198,-0.0502300560474,0.0121854376048
1624447769659162006,8076,1624447769659839851,iri_wam_link_base,-0.0870642440028,-0.623808668897,0.38271374055,0.707706332207,0.704398334026,-0.0527643822134,0.0138103384525
1624447769673209067,8077,1624447769674048031,iri_wam_link_base,-0.0878529307666,-0.625249767847,0.382638489776,0.707996845245,0.704060256481,-0.053341075778,0.0139384670183
1624447769759100308,8078,1624447769759982754,iri_wam_link_base,-0.0901185215116,-0.632453833341,0.38032596273,0.708143234253,0.704425632954,-0.0451758056879,0.0166391246021
1624447769774367399,8079,1624447769774244188,iri_wam_link_base,-0.0903071198784,-0.633412080304,0.379657859619,0.708049654961,0.704583108425,-0.044179122895,0.0166288446635
1624447769859263713,8080,1624447769860145548,iri_wam_link_base,-0.090437073076,-0.638319866166,0.373779663046,0.707612216473,0.70526778698,-0.0413359180093,0.0131782060489
1624447769874526209,8081,1624447769875438266,iri_wam_link_base,-0.0903318051501,-0.639101965782,0.372649842349,0.707564115524,0.705351829529,-0.0409442745149,0.0124616278335
1624447769960412843,8082,1624447769960279150,iri_wam_link_base,-0.0898744260677,-0.642121016765,0.368426663822,0.707480013371,0.705557405949,-0.0395019836724,0.0100191570818
1624447769974709205,8083,1624447769975596532,iri_wam_link_base,-0.089880683812,-0.642473587368,0.367845778461,0.707510530949,0.705545902252,-0.0392550230026,0.00963664241135
1624447770064882790,8084,1624447770063351726,iri_wam_link_base,-0.0897370438476,-0.644209185678,0.365167020598,0.707550466061,0.705576300621,-0.0383381173015,0.00803726073354
1624447770074759713,8085,1624447770075743102,iri_wam_link_base,-0.0896700300406,-0.644454962323,0.364845760933,0.707448959351,0.705680429935,-0.0383262969553,0.00788547471166
1624447770165033526,8086,1624447770165993847,iri_wam_link_base,-0.0891315602682,-0.647452808614,0.361228744585,0.70736348629,0.705793619156,-0.0379806123674,0.00704956613481
1624447770174914944,8087,1624447770175853142,iri_wam_link_base,-0.089114421902,-0.647812089343,0.360700625894,0.707381784916,0.705778598785,-0.0379193350673,0.00704719126225
1624447770265167477,8088,1624447770266131991,iri_wam_link_base,-0.0883516458164,-0.652479607086,0.355756707085,0.707221150398,0.705878198147,-0.0388623140752,0.00800006650388
1624447770275024898,8089,1624447770275963765,iri_wam_link_base,-0.0882893898829,-0.653069553843,0.355333406509,0.707064986229,0.706013202667,-0.0392788387835,0.00784725882113
1624447770366768627,8090,1624447770366451900,iri_wam_link_base,-0.0876168762673,-0.658627031567,0.350380133272,0.70647752285,0.706559360027,-0.0404282286763,0.00538283633068
1624447770375222443,8091,1624447770376102733,iri_wam_link_base,-0.0875327685007,-0.659110721055,0.349987319924,0.706379652023,0.706646859646,-0.0406016632915,0.00542952073738
1624447770466919597,8092,1624447770467877766,iri_wam_link_base,-0.0876751716504,-0.663670530809,0.345029524732,0.706249833107,0.706772506237,-0.0408949591219,0.00337726529688
1624447770475307846,8093,1624447770476260075,iri_wam_link_base,-0.0877071036691,-0.663972778466,0.344572616577,0.706262350082,0.706763386726,-0.0408383458853,0.00334935728461
1624447770567093662,8094,1624447770568016511,iri_wam_link_base,-0.0884046430388,-0.667465675371,0.339618254515,0.707191884518,0.705774247646,-0.0414350293577,0.00675092590973
1624447770576499162,8095,1624447770577318963,iri_wam_link_base,-0.0885361755587,-0.667766632813,0.339163439422,0.707296192646,0.705669105053,-0.0414179675281,0.00691369874403
1624447770667238683,8096,1624447770668147967,iri_wam_link_base,-0.0887347867511,-0.670187011346,0.335250520988,0.707557380199,0.705428481102,-0.0410262197256,0.00707218749449
1624447770676812188,8097,1624447770677558384,iri_wam_link_base,-0.0887349864957,-0.67043411387,0.334869496538,0.707607626915,0.705375373363,-0.041024774313,0.00734930345789
1624447770768282533,8098,1624447770768279945,iri_wam_link_base,-0.0874866491162,-0.671813658146,0.332571615752,0.707066059113,0.706059813499,-0.0384506173432,0.00765859149396
1624447770776828573,8099,1624447770777772687,iri_wam_link_base,-0.0873330076879,-0.67183012738,0.332571587169,0.707133412361,0.706029117107,-0.0377055183053,0.00796747300774
1624447770868496863,8100,1624447770869393804,iri_wam_link_base,-0.0855020863342,-0.672214000775,0.335306391665,0.706889212132,0.7064281106,-0.0331400856376,0.0129893040285
1624447770876904062,8101,1624447770877884744,iri_wam_link_base,-0.0853115956967,-0.672257647289,0.335610949431,0.706843137741,0.706482112408,-0.0327437780797,0.0135523937643
1624447770968684714,8102,1624447770969593066,iri_wam_link_base,-0.0841134367842,-0.672091861765,0.336980383018,0.70641463995,0.707037270069,-0.0296178497374,0.0141248283908
1624447770977141633,8103,1624447770977997841,iri_wam_link_base,-0.0840883964859,-0.672043321896,0.336977195739,0.706427454948,0.70704293251,-0.0293140932918,0.0138290850446
1624447771068773961,8104,1624447771069724337,iri_wam_link_base,-0.0827710654931,-0.671386547548,0.33712864685,0.706956505775,0.706786811352,-0.0196779593825,0.0166646949947
1624447771077246027,8105,1624447771078138654,iri_wam_link_base,-0.0826620243869,-0.671345944251,0.337139874782,0.706949472427,0.70680642128,-0.0190344415605,0.0168783180416
1624447771168976295,8106,1624447771169859634,iri_wam_link_base,-0.0806139023639,-0.670730403798,0.337926940706,0.706371247768,0.707478642464,-0.0138833643869,0.017914833501
1624447771177386731,8107,1624447771178291497,iri_wam_link_base,-0.0803381190731,-0.670676903254,0.338005828458,0.706364631653,0.707494199276,-0.0135765010491,0.0177929587662
1624447771269070872,8108,1624447771270001082,iri_wam_link_base,-0.0764620664674,-0.669353213338,0.339768773398,0.705617547035,0.70839369297,-0.00946856569499,0.0138783603907
1624447771278506641,8109,1624447771279351600,iri_wam_link_base,-0.0759458196949,-0.66925849424,0.340047337164,0.705629527569,0.708377420902,-0.00937929842621,0.0141603592783
1624447771369205184,8110,1624447771370136711,iri_wam_link_base,-0.0714020053388,-0.667521236711,0.342745440502,0.705342173576,0.708759188652,-0.00585377635434,0.0108884908259
1624447771378633438,8111,1624447771379583110,iri_wam_link_base,-0.0708468650447,-0.66737053999,0.343042624786,0.705498278141,0.708606421947,-0.00554650137201,0.0108795231208
1624447771469355188,8112,1624447771470270719,iri_wam_link_base,-0.0667660740948,-0.665735434961,0.345487156029,0.705924510956,0.708235144615,-0.00243619829416,0.00822355691344
1624447771478783380,8113,1624447771479715211,iri_wam_link_base,-0.0664614863263,-0.665561657626,0.34572565618,0.705829679966,0.708334565163,-0.00210504070856,0.00787877570838
1624447771570580456,8114,1624447771570407716,iri_wam_link_base,-0.0628881152021,-0.664520407986,0.347120310275,0.705625355244,0.708559930325,0.000224429750233,0.00596867036074
1624447771578879675,8115,1624447771579840174,iri_wam_link_base,-0.0625574814383,-0.664429535137,0.347179655915,0.705551207066,0.708638012409,0.000518161512446,0.00542516307905
1624447771670686603,8116,1624447771671614441,iri_wam_link_base,-0.0581039948521,-0.66338728794,0.347759935052,0.705864727497,0.708324015141,0.00336164771579,0.00456548901275
1624447771678944762,8117,1624447771679947130,iri_wam_link_base,-0.0576281019109,-0.663257224405,0.347732435927,0.705949962139,0.708237409592,0.00385389383882,0.00442963419482
1624447771770827449,8118,1624447771771763036,iri_wam_link_base,-0.0502026376102,-0.659956410085,0.344419712984,0.705421566963,0.708632051945,0.0147997150198,0.00141784024891
1624447771779163165,8119,1624447771780060981,iri_wam_link_base,-0.0494648435999,-0.659548885064,0.343888282288,0.705451130867,0.708574354649,0.0161194894463,0.00108731107321
1624447771870963808,8120,1624447771871894714,iri_wam_link_base,-0.0393194859878,-0.653786828028,0.337756807658,0.704727768898,0.708734154701,0.0324110537767,-0.0020410802681
1624447771879259124,8121,1624447771880199658,iri_wam_link_base,-0.0383260841392,-0.653160023966,0.337348458546,0.704580008984,0.708820521832,0.0336999371648,-0.00219306582585
1624447771971074045,8122,1624447771972027697,iri_wam_link_base,-0.0289621454861,-0.645127845812,0.333591310109,0.705913007259,0.707405865192,0.0343837700784,-0.00903172977269
1624447771979371353,8123,1624447771980330347,iri_wam_link_base,-0.0282120832909,-0.644240885712,0.333295241492,0.705290198326,0.70799022913,0.0349591374397,-0.00966441258788
1624447772071244865,8124,1624447772072161832,iri_wam_link_base,-0.0194916126681,-0.634095026722,0.330808080919,0.704162240028,0.70885848999,0.0382890999317,-0.0144618665799
1624447772080682480,8125,1624447772080445540,iri_wam_link_base,-0.0184698648456,-0.632960800522,0.330396095339,0.70409989357,0.708908736706,0.0383359566331,-0.0149034289643
1624447772171381304,8126,1624447772172295891,iri_wam_link_base,-0.00872680714464,-0.622453355512,0.324948225928,0.704435110092,0.708678483963,0.0364094227552,-0.0148430215195
1624447772180860298,8127,1624447772181717671,iri_wam_link_base,-0.00740376859227,-0.621115028894,0.324186245797,0.704577744007,0.708519876003,0.036629486829,-0.0151044959202
1624447772272625762,8128,1624447772272433581,iri_wam_link_base,0.0043457327494,-0.608550645855,0.317353699295,0.704629480839,0.708688497543,0.033025059849,-0.0129336491227
1624447772280906491,8129,1624447772281866049,iri_wam_link_base,0.00558870681677,-0.607080682978,0.316723852194,0.704539358616,0.708804190159,0.0325876884162,-0.012607626617
1624447772372752239,8130,1624447772373654115,iri_wam_link_base,0.0149835335323,-0.594411688852,0.31246383137,0.704803586006,0.708784520626,0.0263712480664,-0.013452607207
1624447772381091093,8131,1624447772381979669,iri_wam_link_base,0.0158303369534,-0.593485869658,0.31222474383,0.705224454403,0.708399951458,0.0258030947298,-0.0127345984802
1624447772472971909,8132,1624447772473803968,iri_wam_link_base,0.0238726761606,-0.583387194643,0.308821043292,0.70524507761,0.708393454552,0.0260456446558,-0.0113892396912
1624447772481278639,8133,1624447772482105960,iri_wam_link_base,0.0244715983355,-0.582621692231,0.308426659885,0.705034315586,0.708592176437,0.0265222769231,-0.0109705552459
1624447772573088826,8134,1624447772573935213,iri_wam_link_base,0.0307484073034,-0.574100856739,0.302345105545,0.705180108547,0.708323836327,0.0303412918001,-0.00881745200604
1624447772581377689,8135,1624447772582279760,iri_wam_link_base,0.0314002228075,-0.57337660311,0.301760865088,0.7051191926,0.708398520947,0.0301362201571,-0.0083837332204
1624447772673193928,8136,1624447772674065346,iri_wam_link_base,0.040107055979,-0.563854022149,0.295663733288,0.704968094826,0.708538174629,0.0303126927465,-0.0086500486359
1624447772681437762,8137,1624447772682404353,iri_wam_link_base,0.0410519392976,-0.562905935088,0.295204356361,0.704862892628,0.708629488945,0.0304940249771,-0.00909064523876
1624447772773281144,8138,1624447772774208414,iri_wam_link_base,0.0533950486369,-0.551869168736,0.291518225136,0.704935967922,0.708697021008,0.0275211948901,-0.00750640314072
1624447772782576734,8139,1624447772782515501,iri_wam_link_base,0.0546986262812,-0.550345368098,0.291104366299,0.704945862293,0.708633363247,0.0286681633443,-0.00825957860798
1624447772873381573,8140,1624447772874342355,iri_wam_link_base,0.0649334312249,-0.53825850748,0.286972159718,0.705711662769,0.708140492439,0.0216512065381,-0.00627754954621
1624447772891209655,8141,1624447772888545880,iri_wam_link_base,0.066529019404,-0.535652335146,0.285929430923,0.704760253429,0.709088027477,0.0212911758572,-0.00733576435596
1624447772974696469,8142,1624447772974494494,iri_wam_link_base,0.0730402876654,-0.52614340587,0.281182887592,0.705379247665,0.708449602127,0.022802464664,-0.00440268265083
1624447772991276575,8143,1624447772992247412,iri_wam_link_base,0.0741758934808,-0.524690862443,0.280325582864,0.705162465572,0.708656311035,0.0231733694673,-0.00389372021891
1624447773074826615,8144,1624447773075770137,iri_wam_link_base,0.0802689463927,-0.518034863532,0.275959517115,0.704402506351,0.709322571754,0.025645243004,-0.00458170194179
1624447773091398426,8145,1624447773092371361,iri_wam_link_base,0.0817819252624,-0.516770742143,0.275233013335,0.704500794411,0.709160506725,0.0272203348577,-0.00538560422137
1624447773174961548,8146,1624447773175905397,iri_wam_link_base,0.0915222283631,-0.511520875891,0.271648710561,0.704187572002,0.709439098835,0.0275696776807,-0.00748274335638
1624447773192627952,8147,1624447773192511442,iri_wam_link_base,0.0936528585691,-0.510374133046,0.270923594881,0.703936100006,0.70961856842,0.0290937386453,-0.00831058621407
1624447773275105846,8148,1624447773276035111,iri_wam_link_base,0.104088780849,-0.503501404334,0.266162321623,0.703271865845,0.710245072842,0.0285972934216,-0.011949069798
1624447773295109820,8149,1624447773294919986,iri_wam_link_base,0.106478804981,-0.501456939453,0.264742544164,0.703152835369,0.710379362106,0.0283863097429,-0.0114661771804
1624447773375355155,8150,1624447773376191823,iri_wam_link_base,0.115237241889,-0.492480191434,0.258817012581,0.703819990158,0.709738910198,0.0274768844247,-0.0123743815348
1624447773395297148,8151,1624447773396225341,iri_wam_link_base,0.117440053254,-0.490302891978,0.257497622987,0.703113913536,0.710464835167,0.0272422917187,-0.0113303679973
1624447773476445522,8152,1624447773476472005,iri_wam_link_base,0.125047964957,-0.481546206219,0.253241560648,0.7044044137,0.709160149097,0.0278556011617,-0.0114160832018
1624447773495523960,8153,1624447773496389415,iri_wam_link_base,0.126633421796,-0.479518759191,0.252599115329,0.704119980335,0.709397375584,0.0286202225834,-0.0123003665358
1624447773576678579,8154,1624447773577538011,iri_wam_link_base,0.133206253056,-0.472099543636,0.25059653298,0.704285562038,0.709300518036,0.0281911715865,-0.00893701519817
1624447773596665654,8155,1624447773596574704,iri_wam_link_base,0.134609703883,-0.469951480011,0.249999111682,0.704341650009,0.709231138229,0.02833641693,-0.0095436591655
1624447773676907592,8156,1624447773677784622,iri_wam_link_base,0.141356087536,-0.460509012823,0.24678445348,0.704692721367,0.708810210228,0.0305644311011,-0.00788055732846
1624447773696831113,8157,1624447773697802809,iri_wam_link_base,0.142861610454,-0.458311815435,0.245775683618,0.704777181149,0.708796858788,0.0291229244322,-0.00693120574579
1624447773777015866,8158,1624447773777940286,iri_wam_link_base,0.145637969217,-0.450286531814,0.239843234636,0.705131649971,0.708755433559,0.0194773580879,-0.00870192609727
1624447773797038597,8159,1624447773797940468,iri_wam_link_base,0.145646004774,-0.448511609862,0.237654686401,0.705462276936,0.70847094059,0.0177114233375,-0.0088399713859
1624447773877134490,8160,1624447773878069480,iri_wam_link_base,0.145143920898,-0.442594191823,0.228177272359,0.705170750618,0.708869040012,0.0145110497251,-0.00532682286575
1624447773897193070,8161,1624447773898111120,iri_wam_link_base,0.145097268809,-0.441159667336,0.226000682237,0.705019712448,0.70902967453,0.0141295678914,-0.004945081193
1624447773977351491,8162,1624447773978216551,iri_wam_link_base,0.146078116852,-0.437109748901,0.218934481463,0.704196333885,0.709875941277,0.0132319992408,-0.00293036666699
1624447773997304871,8163,1624447773998260638,iri_wam_link_base,0.146341463365,-0.436337406382,0.21742958379,0.704483032227,0.709608018398,0.0123189734295,-0.00289164343849
1624447774077435242,8164,1624447774078355210,iri_wam_link_base,0.147566975647,-0.432519449631,0.211502499066,0.704943418503,0.709091484547,0.013555095531,-0.00776548497379
1624447774097448812,8165,1624447774098387748,iri_wam_link_base,0.147773176293,-0.431497278788,0.209838343021,0.70484316349,0.70920419693,0.0129315154627,-0.00763312261552
1624447774177555898,8166,1624447774178493460,iri_wam_link_base,0.148133485805,-0.426536012261,0.202479893081,0.704658150673,0.709385275841,0.0130873527378,-0.00762398401275
1624447774198712806,8167,1624447774198514742,iri_wam_link_base,0.148245062386,-0.425409269852,0.200666484291,0.704794704914,0.709259390831,0.0131703158841,-0.00648695509881
1624447774278746248,8168,1624447774278625181,iri_wam_link_base,0.148120857525,-0.42060428389,0.193544274015,0.704557955265,0.70952552557,0.0119850737974,-0.00529477093369
1624447774298844828,8169,1624447774299791512,iri_wam_link_base,0.147958257519,-0.419158212128,0.191743651582,0.705279648304,0.708814620972,0.0112490300089,-0.00598564883694
1624447774378948082,8170,1624447774379854601,iri_wam_link_base,0.148494388895,-0.414396948659,0.184672834432,0.704782009125,0.709330677986,0.0109255807474,-0.00358321750537
1624447774398972814,8171,1624447774399934936,iri_wam_link_base,0.148889948655,-0.413482324752,0.182872251167,0.704923212528,0.70919239521,0.0108706532046,-0.00334098446183
1624447774479061357,8172,1624447774480008113,iri_wam_link_base,0.149589533943,-0.4105081059,0.175938572968,0.704762399197,0.709352195263,0.00954711344093,-0.00618985015899
1624447774499127536,8173,1624447774500066554,iri_wam_link_base,0.149609435448,-0.409533909605,0.174109883154,0.705009996891,0.709094822407,0.00969262700528,-0.00717703439295
1624447774579200741,8174,1624447774580150494,iri_wam_link_base,0.149955965263,-0.405933592124,0.166698073779,0.705587565899,0.70848351717,0.012443731539,-0.00651416461915
1624447774599253483,8175,1624447774600205741,iri_wam_link_base,0.149859056286,-0.405190107599,0.164648356756,0.705554902554,0.708529233932,0.0121311359107,-0.00560673931614
1624447774679353336,8176,1624447774680285796,iri_wam_link_base,0.149432498731,-0.401292275107,0.156360943473,0.706565141678,0.707420766354,0.015392457135,-0.00919955223799
1624447774699368603,8177,1624447774700341281,iri_wam_link_base,0.149516776086,-0.400951555326,0.154339777272,0.712630391121,0.701360583305,0.014529582113,-0.00633407896385
1624447774779481794,8178,1624447774780425667,iri_wam_link_base,0.150077228756,-0.400954817151,0.149228028313,0.736497282982,0.676322042942,0.0123593704775,-0.00274281180464
1624447774799505301,8179,1624447774800471475,iri_wam_link_base,0.150209806333,-0.401152924453,0.148753486259,0.739788711071,0.672718048096,0.012468370609,-0.00275736791082
1624447774880591289,8180,1624447774880567158,iri_wam_link_base,0.150154384423,-0.401490383451,0.148326878521,0.760383546352,0.649354696274,0.0122774541378,-0.00214659329504
1624447774900846768,8181,1624447774900617221,iri_wam_link_base,0.150130208395,-0.401501268032,0.148324591592,0.767960608006,0.640376269817,0.0122744077817,-0.00202607619576
1624447774980834078,8182,1624447774981648164,iri_wam_link_base,0.150110523253,-0.40152514167,0.148320318212,0.787276923656,0.616481363773,0.011966060847,-0.00161572906654
1624447775000953146,8183,1624447775001914181,iri_wam_link_base,0.150100528693,-0.401525450449,0.148331862516,0.790389001369,0.612489819527,0.0117696551606,-0.00171213061549
1624447775081093216,8184,1624447775081912115,iri_wam_link_base,0.150123839154,-0.401556504798,0.148284357396,0.809299409389,0.587279140949,0.0116026420146,-0.00174546171911
1624447775101070695,8185,1624447775102046421,iri_wam_link_base,0.150089049515,-0.401526044277,0.1482698883,0.816383421421,0.577389001846,0.0117010120302,-0.00177279382478
1624447775181177718,8186,1624447775182116682,iri_wam_link_base,0.150042132165,-0.40158887253,0.148209057616,0.833903133869,0.551790416241,0.0113835018128,-0.00183973589446
1624447775201345278,8187,1624447775202173953,iri_wam_link_base,0.150025682596,-0.401559346702,0.148185394517,0.836515009403,0.547821938992,0.0113831982017,-0.00202875654213
1624447775281290254,8188,1624447775282249213,iri_wam_link_base,0.150016624615,-0.401556088199,0.14820715279,0.853713393211,0.520616233349,0.0113009670749,-0.00211842847057
1624447775303712113,8189,1624447775303449454,iri_wam_link_base,0.150017226744,-0.401529057767,0.148195525668,0.858971357346,0.511890947819,0.0113893030211,-0.00247203581966
1624447775381444246,8190,1624447775382384700,iri_wam_link_base,0.149972220166,-0.401515688856,0.148146378132,0.874812960625,0.484320044518,0.0113418390974,-0.00278328708373
1624447775404815214,8191,1624447775405724577,iri_wam_link_base,0.149999055355,-0.401550736679,0.14814787023,0.878862023354,0.476939111948,0.0110829519108,-0.00279187154956
1624447775481548866,8192,1624447775482523934,iri_wam_link_base,0.150000686817,-0.401465824264,0.148111308775,0.891865611076,0.452154457569,0.0110439583659,-0.00318534881808
1624447775504975216,8193,1624447775505911044,iri_wam_link_base,0.149947024907,-0.401451810929,0.148109368239,0.896469831467,0.442953407764,0.0110960910097,-0.00332387513481
1624447775582615059,8194,1624447775582658838,iri_wam_link_base,0.149947560095,-0.401433000246,0.148108042164,0.910061776638,0.414310753345,0.0110149336979,-0.00358442240395
1624447775605146076,8195,1624447775606066916,iri_wam_link_base,0.149967275382,-0.401452669976,0.148086206057,0.914869904518,0.403581470251,0.010972360149,-0.00382976792753
1624447775682830889,8196,1624447775683728831,iri_wam_link_base,0.14995507956,-0.401414556646,0.14807286074,0.923775732517,0.382761359215,0.010781051591,-0.00398972351104
1624447775705261501,8197,1624447775706219226,iri_wam_link_base,0.149927401902,-0.40139261853,0.148083168495,0.920059084892,0.391615450382,0.010661884211,-0.00386257376522
1624447775783042511,8198,1624447775783934492,iri_wam_link_base,0.149920212989,-0.401378602848,0.148071544059,0.908006489277,0.418798267841,0.0108822630718,-0.00371247041039
1624447775805377307,8199,1624447775806344498,iri_wam_link_base,0.149932377548,-0.401361079076,0.148070687277,0.903800070286,0.427804291248,0.0108096366748,-0.0034794898238
1624447775883141891,8200,1624447775884088351,iri_wam_link_base,0.149853832282,-0.401424416596,0.148056071691,0.889693260193,0.456428587437,0.010555434972,-0.00272664264776
1624447775905623403,8201,1624447775906478161,iri_wam_link_base,0.14987161464,-0.401416224422,0.148044426659,0.886337459087,0.462907791138,0.0107254320756,-0.0026915136259
1624447775983276436,8202,1624447775984227139,iri_wam_link_base,0.149887611413,-0.401407560031,0.148043531511,0.871564090252,0.49016058445,0.0106780249625,-0.00216226582415
1624447776005720504,8203,1624447776006614811,iri_wam_link_base,0.149860879786,-0.401337359806,0.147983492411,0.865422666073,0.500924766064,0.0106372060254,-0.00219255872071
1624447776083394257,8204,1624447776084358166,iri_wam_link_base,0.149856000355,-0.401343915668,0.14798363616,0.850519180298,0.525830745697,0.0107600530609,-0.00183273572475
1624447776106873334,8205,1624447776106744410,iri_wam_link_base,0.149837629573,-0.401302345845,0.147933817318,0.847536802292,0.530625224113,0.0107419090346,-0.00170444278046
1624447776183599044,8206,1624447776184507830,iri_wam_link_base,0.149834756257,-0.401329372005,0.147921974448,0.830151855946,0.557436943054,0.0105124935508,-0.00120131706353
1624447776207042330,8207,1624447776207949380,iri_wam_link_base,0.149875398005,-0.401320691442,0.147910743189,0.82188898325,0.569552719593,0.0103699807078,-0.000838314881548
1624447776284759095,8208,1624447776284674143,iri_wam_link_base,0.149778945977,-0.401254309773,0.147905683305,0.808506071568,0.588391780853,0.0106134312227,-0.000639785837848
1624447776307150660,8209,1624447776308104948,iri_wam_link_base,0.149813726145,-0.40128211063,0.147894790771,0.801299571991,0.598172664642,0.0104106133804,-0.000289216608508
1624447776385031613,8210,1624447776385748378,iri_wam_link_base,0.149814281088,-0.401303361119,0.147859061438,0.78073745966,0.624777913094,0.0100742345676,0.000223632843699
1624447776407317960,8211,1624447776408231963,iri_wam_link_base,0.149820582118,-0.401275681158,0.147846872582,0.77678835392,0.629679143429,0.0101959528401,0.000318941398291
1624447776485209287,8212,1624447776486004840,iri_wam_link_base,0.149783002498,-0.401306639784,0.147856962477,0.758515417576,0.651576757431,0.0100753186271,0.000753824890126
1624447776507393679,8213,1624447776508367677,iri_wam_link_base,0.149797007421,-0.401310845918,0.147834956515,0.748991191387,0.662505865097,0.00987232383341,0.000811056583188
1624447776585335479,8214,1624447776586233212,iri_wam_link_base,0.149788153772,-0.401279478297,0.147833979399,0.729538679123,0.683865845203,0.00997708924115,0.00111236178782
1624447776607531819,8215,1624447776608495145,iri_wam_link_base,0.149762899031,-0.401263474811,0.147808740561,0.725490570068,0.688157856464,0.0100439488888,0.00113635696471
1624447776685448722,8216,1624447776686376770,iri_wam_link_base,0.149800191425,-0.401301021436,0.147822207312,0.703268408775,0.710856854916,0.00967685319483,0.00154169893358
1624447776707688022,8217,1624447776708649714,iri_wam_link_base,0.149793610004,-0.401313810721,0.14783366421,0.698714196682,0.715332269669,0.00974805559963,0.00177969073411
1624447776785593581,8218,1624447776786505963,iri_wam_link_base,0.14978038772,-0.401308640065,0.147832862377,0.677088022232,0.735834956169,0.00973107572645,0.00199910555966
1624447776808942542,8219,1624447776808778209,iri_wam_link_base,0.149774806741,-0.401321509767,0.147832624516,0.669557332993,0.742695271969,0.00960102956742,0.00213485467248
1624447776885724320,8220,1624447776886645021,iri_wam_link_base,0.149789952362,-0.401325188687,0.147821412063,0.647168934345,0.762283265591,0.00951900146902,0.00244216271676
1624447776909082932,8221,1624447776910006504,iri_wam_link_base,0.149786491708,-0.401321433504,0.147821399378,0.638997554779,0.769146025181,0.0094979563728,0.00250204536133
1624447776986940394,8222,1624447776986786890,iri_wam_link_base,0.149767885018,-0.401313999296,0.147832600065,0.616058111191,0.787639439106,0.00944206584245,0.00271735526621
1624447777009229565,8223,1624447777010164649,iri_wam_link_base,0.149780776106,-0.401314074814,0.147833454993,0.608334541321,0.793619930744,0.00940009765327,0.00284821796231
1624447777087098166,8224,1624447777087994262,iri_wam_link_base,0.149783367885,-0.401322774037,0.147821334219,0.582641601562,0.812670171261,0.00927192531526,0.00315718841739
1624447777109347795,8225,1624447777110299594,iri_wam_link_base,0.149771346185,-0.40131775433,0.147832612084,0.576636791229,0.816941440105,0.00928843487054,0.00321873812936
1624447777187266523,8226,1624447777188154180,iri_wam_link_base,0.149756891504,-0.40129926164,0.147831395324,0.550940334797,0.834486305714,0.00919509772211,0.00357273244299
1624447777209466251,8227,1624447777210431019,iri_wam_link_base,0.149772019847,-0.401327944928,0.147832506853,0.544205248356,0.838895022869,0.009088085033,0.00363015756011
1624447777287398590,8228,1624447777288292191,iri_wam_link_base,0.1497981541,-0.401349361965,0.14783304513,0.516752302647,0.856080591679,0.00875224266201,0.00406292825937
1624447777309647265,8229,1624447777310578417,iri_wam_link_base,0.149776571854,-0.401347326289,0.147833016152,0.509738087654,0.860275626183,0.00874263700098,0.00405432190746
1624447777387529205,8230,1624447777388427661,iri_wam_link_base,0.149777859694,-0.401367361389,0.147832167878,0.484348267317,0.87482213974,0.00855273287743,0.00445410516113
1624447777409802641,8231,1624447777410740129,iri_wam_link_base,0.14979003474,-0.40141989708,0.147821069765,0.472412675619,0.88132828474,0.00803708657622,0.00469937361777
1624447777487674699,8232,1624447777488562552,iri_wam_link_base,0.149769821145,-0.40156647623,0.147842053134,0.445132404566,0.895422816277,0.00673901150003,0.00545538542792
1624447777510979115,8233,1624447777511830460,iri_wam_link_base,0.149733526311,-0.401606796428,0.147816473339,0.440773993731,0.897577047348,0.00643165595829,0.00569202471524
1624447777587855483,8234,1624447777588693246,iri_wam_link_base,0.149787656379,-0.40166288787,0.147818213117,0.411852240562,0.911212086678,0.00585157470778,0.00600588833913
1624447777611096106,8235,1624447777612092555,iri_wam_link_base,0.149756595581,-0.40166387824,0.147806833137,0.402480334044,0.915391087532,0.00581573322415,0.0059118764475
1624447777689002922,8236,1624447777688826947,iri_wam_link_base,0.14974064988,-0.401629744566,0.147805027092,0.384327173233,0.923158168793,0.00587484054267,0.00609673699364
1624447777711280342,8237,1624447777712231585,iri_wam_link_base,0.149780748036,-0.401657279258,0.147817739275,0.383043140173,0.923692584038,0.00552024226636,0.00628746813163
1624447777789174370,8238,1624447777790066695,iri_wam_link_base,0.149699995552,-0.401603494914,0.147803055977,0.383893698454,0.923339545727,0.00568615878001,0.00611492246389
1624447777811390045,8239,1624447777812386964,iri_wam_link_base,0.149744937524,-0.401601310431,0.147791840459,0.384816765785,0.922955334187,0.00563524663448,0.00614560255781
1624447777889264874,8240,1624447777890218782,iri_wam_link_base,0.149748933007,-0.401634489208,0.147793731879,0.38077762723,0.924630224705,0.005488677416,0.00609908392653
1624447777911534461,8241,1624447777912524339,iri_wam_link_base,0.149742163089,-0.401596330879,0.147792088321,0.385614693165,0.922621130943,0.00575715163723,0.00619795313105
1624447777989417466,8242,1624447777990350274,iri_wam_link_base,0.149742415021,-0.401611789255,0.147780592816,0.382435411215,0.923944830894,0.00557910650969,0.00615895073861
1624447778011665312,8243,1624447778012660605,iri_wam_link_base,0.14970520779,-0.401601025168,0.147791743021,0.382042735815,0.92410749197,0.00566885713488,0.00604884326458
1624447778089586057,8244,1624447778090490220,iri_wam_link_base,0.149730527464,-0.401615569892,0.147779969773,0.386134773493,0.922403872013,0.00568976160139,0.00621666293591
1624447778111833459,8245,1624447778112800482,iri_wam_link_base,0.149739240926,-0.401608406614,0.14778124234,0.380586653948,0.924708902836,0.00551827903837,0.00607084250078
1624447778189729028,8246,1624447778190634195,iri_wam_link_base,0.149735628709,-0.401593928649,0.147791998998,0.384563803673,0.923059999943,0.00574766052887,0.0061473948881
1624447778213067915,8247,1624447778214022100,iri_wam_link_base,0.149738662953,-0.401607698812,0.147779880216,0.385588645935,0.922632694244,0.0056838192977,0.00616272632033
1624447778289832702,8248,1624447778290763820,iri_wam_link_base,0.149719356304,-0.401616341035,0.147792554585,0.38169619441,0.924250900745,0.00553037272766,0.00614182697609
1624447778313219782,8249,1624447778314172786,iri_wam_link_base,0.149699093035,-0.401583414294,0.147778585867,0.385562449694,0.922643661499,0.00573430256918,0.00611580861732
1624447778391118025,8250,1624447778390893335,iri_wam_link_base,0.149743905822,-0.40162739279,0.147781211412,0.38066187501,0.92467802763,0.00538920424879,0.00616515241563
1624447778413320322,8251,1624447778414313159,iri_wam_link_base,0.149713078204,-0.401622726374,0.147780592816,0.381614655256,0.924284160137,0.00557318329811,0.00616431050003
1624447778491251255,8252,1624447778492171372,iri_wam_link_base,0.149724233483,-0.4016141978,0.147791027476,0.385952800512,0.922480642796,0.00563189014792,0.00618087220937
1624447778513481644,8253,1624447778514446464,iri_wam_link_base,0.149748725186,-0.401619846997,0.147769920322,0.380743056536,0.924645066261,0.00542211160064,0.00606837589294
1624447778591386531,8254,1624447778592309313,iri_wam_link_base,0.149715994947,-0.40161733109,0.147791818011,0.383393675089,0.923547506332,0.00558800809085,0.00617367681116
1624447778613616054,8255,1624447778614586802,iri_wam_link_base,0.149734253418,-0.401634767315,0.147768510395,0.384176641703,0.923222362995,0.00550239579752,0.0062083536759
1624447778691471746,8256,1624447778692445406,iri_wam_link_base,0.149743905822,-0.40162739279,0.147781211412,0.38066187501,0.92467802763,0.00538920424879,0.00616515241563
1624447778713776847,8257,1624447778714724405,iri_wam_link_base,0.149723994794,-0.401613167502,0.147779880216,0.385463327169,0.922685086727,0.0056827571243,0.00616370607167
1624447778791686995,8258,1624447778792576293,iri_wam_link_base,0.149752689969,-0.40163338995,0.147769227113,0.382428914309,0.923948287964,0.00540726957843,0.00619553029537
1624447778814845908,8259,1624447778814871978,iri_wam_link_base,0.149718539052,-0.401621287651,0.147780426978,0.382199645042,0.924043118954,0.00551783666015,0.00610336102545
1624447778891804877,8260,1624447778892715590,iri_wam_link_base,0.149705791971,-0.401576247381,0.147754839187,0.386070847511,0.922431349754,0.00563642848283,0.00615811813623
1624447778915071647,8261,1624447778915954885,iri_wam_link_base,0.149743397098,-0.401612388353,0.147756718011,0.383248329163,0.923608839512,0.00540625676513,0.00618029292673
1624447778991946928,8262,1624447778992848012,iri_wam_link_base,0.149701935868,-0.401567422189,0.147754829161,0.384648144245,0.923025548458,0.00568163162097,0.00610970379785
1624447779015214969,8263,1624447779016193356,iri_wam_link_base,0.149734706818,-0.401611119156,0.147767997343,0.38406804204,0.923267900944,0.00543433427811,0.00621476722881
1624447779093187584,8264,1624447779092982219,iri_wam_link_base,0.149742901723,-0.401602582555,0.147757444697,0.38036262989,0.924801588058,0.00539560290053,0.00609816657379
1624447779115695178,8265,1624447779116534856,iri_wam_link_base,0.149706407616,-0.401595984026,0.147778628775,0.386213570833,0.922371089458,0.00566661916673,0.00620701629668
1624447779193331206,8266,1624447779194252885,iri_wam_link_base,0.149746558344,-0.401636077701,0.147769117789,0.380772650242,0.924632608891,0.005356580019,0.00616706069559
1624447779215832901,8267,1624447779216778878,iri_wam_link_base,0.149700165863,-0.401593931633,0.147779218846,0.382923871279,0.923742890358,0.00557598983869,0.00610894663259
1624447779293472757,8268,1624447779294386564,iri_wam_link_base,0.149724958816,-0.401613765444,0.147756001097,0.38513764739,0.922821998596,0.00550231803209,0.00619217474014
1624447779317034569,8269,1624447779316918416,iri_wam_link_base,0.149749434806,-0.401604974893,0.147757532833,0.380655616522,0.924680650234,0.00539979245514,0.00615353602916
1624447779393627744,8270,1624447779394518542,iri_wam_link_base,0.149713132907,-0.401571831551,0.147767465444,0.385137319565,0.922820866108,0.00582315819338,0.00607908470556
1624447779417138356,8271,1624447779418106140,iri_wam_link_base,0.149729564062,-0.401562019416,0.14775570868,0.38471865654,0.922996103764,0.00565824052319,0.00614320626482
1624447779493777685,8272,1624447779494659456,iri_wam_link_base,0.14975415942,-0.401572390566,0.147733900208,0.381002247334,0.924537718296,0.00548737775534,0.0061019686982
1624447779517330557,8273,1624447779518259502,iri_wam_link_base,0.149716755406,-0.40156600649,0.147743660742,0.385435283184,0.922697067261,0.00570393865928,0.0061035528779
1624447779593927334,8274,1624447779594828021,iri_wam_link_base,0.149766162022,-0.401573347995,0.147733824064,0.381215423346,0.924450159073,0.00543188070878,0.00610039755702
1624447779617479059,8275,1624447779618416553,iri_wam_link_base,0.149717646946,-0.401546764139,0.147732661871,0.38147187233,0.924343764782,0.00556111801416,0.00607131188735
1624447779694982078,8276,1624447779694960611,iri_wam_link_base,0.149732545267,-0.401565184378,0.147708618086,0.384569168091,0.923059165478,0.00553706008941,0.00613405508921
1624447779717589975,8277,1624447779718559474,iri_wam_link_base,0.149739137982,-0.401559159476,0.147721265266,0.380749017,0.924642682076,0.00540231447667,0.00607383670285
1624447779795176950,8278,1624447779796026988,iri_wam_link_base,0.149713096362,-0.401532503256,0.147731994219,0.383793056011,0.923381567001,0.00573461037129,0.00604222714901
1624447779817884422,8279,1624447779818682937,iri_wam_link_base,0.149750675852,-0.401563455296,0.147708651698,0.384017676115,0.923288583755,0.00551619101316,0.00617521442473
1624447779895366788,8280,1624447779896263081,iri_wam_link_base,0.149724412016,-0.401593357041,0.147721751637,0.380650818348,0.924682855606,0.00543145881966,0.00608793180436
1624447779918028159,8281,1624447779918816718,iri_wam_link_base,0.149712976709,-0.401522582313,0.147707484568,0.385868251324,0.922516167164,0.0057107815519,0.00607864698395
1624447779995451050,8282,1624447779996396062,iri_wam_link_base,0.149775902726,-0.401593557177,0.147710629789,0.382247835398,0.924023509026,0.00538727687672,0.00617198087275
1624447780019102336,8283,1624447780018956143,iri_wam_link_base,0.149723117818,-0.401553073068,0.147709478601,0.381967782974,0.924138724804,0.00560502195731,0.00606997637078
1624447780095575313,8284,1624447780096530080,iri_wam_link_base,0.149731211007,-0.401553639357,0.147696837486,0.385911166668,0.922497689724,0.00574089074507,0.00612841779366
1624447780119178415,8285,1624447780120061713,iri_wam_link_base,0.149765401797,-0.401557307547,0.147698189451,0.381934940815,0.924152731895,0.00549060339108,0.0061064036563
1624447780195772556,8286,1624447780196660172,iri_wam_link_base,0.149727914173,-0.401531086442,0.147720827399,0.383726835251,0.923408985138,0.00575127452612,0.00604136753827
1624447780219344496,8287,1624447780220260270,iri_wam_link_base,0.149757897682,-0.401534017281,0.147708932467,0.385529965162,0.92265689373,0.00577218551189,0.00612769741565
1624447780295863442,8288,1624447780296794875,iri_wam_link_base,0.149755014171,-0.401530984099,0.147710264486,0.380968272686,0.924551546574,0.00562729127705,0.00599568057805
1624447780319541499,8289,1624447780320416445,iri_wam_link_base,0.149737518139,-0.401532143438,0.147720971404,0.384704262018,0.923001527786,0.00577999837697,0.00611140066758
1624447780396026492,8290,1624447780396927172,iri_wam_link_base,0.149778966209,-0.401592213327,0.147710684486,0.383407711983,0.923542618752,0.00541485799477,0.00618421146646
1624447780419661562,8291,1624447780420549163,iri_wam_link_base,0.149763150383,-0.401553706689,0.147710261722,0.380745500326,0.924643337727,0.00547877186909,0.00612984038889
1624447780497398716,8292,1624447780497067894,iri_wam_link_base,0.149710286052,-0.401542630205,0.147720067436,0.385776460171,0.922554194927,0.00571645982563,0.00612644804642
1624447780519742625,8293,1624447780520684733,iri_wam_link_base,0.149778218513,-0.401553318546,0.147710240398,0.382878750563,0.923762142658,0.00545584736392,0.00613600434735
1624447780597490476,8294,1624447780598382894,iri_wam_link_base,0.149723117818,-0.401553073068,0.147709478601,0.381493031979,0.924334764481,0.00560190342367,0.00607285555452
1624447780619881753,8295,1624447780620809716,iri_wam_link_base,0.149759080093,-0.401549266127,0.147708862636,0.38557061553,0.922640264034,0.00566067779437,0.00618467433378
1624447780697608853,8296,1624447780698524909,iri_wam_link_base,0.14976716425,-0.40153599356,0.147699019846,0.38160687685,0.924288392067,0.00559138506651,0.00599046191201
1624447780720101860,8297,1624447780720931369,iri_wam_link_base,0.149728414131,-0.401540904305,0.147720099698,0.387223958969,0.921947360039,0.00576611002907,0.00611863378435
1624447780797754588,8298,1624447780798659220,iri_wam_link_base,0.149768066299,-0.401550881351,0.147698266347,0.38303399086,0.923697412014,0.00555498385802,0.00609986670315
1624447780821256502,8299,1624447780821064608,iri_wam_link_base,0.149737783783,-0.40154760441,0.147709478601,0.381855964661,0.924184918404,0.00560450972989,0.00607045041397
1624447780897894540,8300,1624447780898795235,iri_wam_link_base,0.149740556881,-0.401545910845,0.147708852624,0.385871231556,0.922514617443,0.0057170893997,0.00612586038187
1624447780921408989,8301,1624447780922274551,iri_wam_link_base,0.149763744706,-0.401588550333,0.14772187351,0.38312831521,0.923658549786,0.00543315988034,0.00616806419566
1624447780998101058,8302,1624447780998931635,iri_wam_link_base,0.149715018209,-0.401510042051,0.147696447105,0.38366535306,0.923433840275,0.00584488594905,0.00605325773358
1624447781021534969,8303,1624447781022422051,iri_wam_link_base,0.149754434897,-0.40153027526,0.147708900286,0.38540071249,0.922711014748,0.00578871881589,0.00609042868018
1624447781099178724,8304,1624447781099066650,iri_wam_link_base,0.149760085602,-0.401555051132,0.147710206933,0.380534529686,0.924730420113,0.00545758754015,0.00611202046275
1624447781121735174,8305,1624447781122561912,iri_wam_link_base,0.149713794076,-0.401517639852,0.147719610602,0.384464770555,0.923101663589,0.00571748055518,0.00612273998559
1624447781199318000,8306,1624447781200149305,iri_wam_link_base,0.149749086096,-0.401543125219,0.147708740924,0.384959369898,0.92289596796,0.00567152071744,0.00609327992424
1624447781221851629,8307,1624447781222757186,iri_wam_link_base,0.149761948697,-0.401538459689,0.147710328326,0.381179779768,0.924464046955,0.0055936248973,0.00607042759657
1624447781299490741,8308,1624447781300343286,iri_wam_link_base,0.149724559232,-0.401532078585,0.147720091767,0.385991603136,0.9224640131,0.00581255881116,0.00606916472316
1624447781321967193,8309,1624447781322892485,iri_wam_link_base,0.149765564627,-0.40153850625,0.147722213256,0.380684018135,0.924669086933,0.00548988813534,0.00605129916221
1624447781399618378,8310,1624447781400494153,iri_wam_link_base,0.14973137856,-0.401534827144,0.147720859172,0.384425312281,0.923118293285,0.0057384269312,0.00607508094981
1624447781423289035,8311,1624447781423041632,iri_wam_link_base,0.149744561692,-0.401551032033,0.147720711463,0.384109795094,0.923250257969,0.00556759303436,0.00613395031542
1624447781499718861,8312,1624447781500632413,iri_wam_link_base,0.149755814818,-0.401541149383,0.147710218307,0.380662918091,0.924677491188,0.00555063411593,0.00603538798168
1624447781523394176,8313,1624447781524303330,iri_wam_link_base,0.149727126481,-0.401520919454,0.147720876844,0.384695678949,0.923005580902,0.00583217665553,0.00599724566564
1624447781599861199,8314,1624447781600765322,iri_wam_link_base,0.149738073246,-0.401563075268,0.147697993087,0.380382239819,0.92479377985,0.00543829938397,0.00602059811354
1624447781623542957,8315,1624447781624469130,iri_wam_link_base,0.14972232289,-0.401542907337,0.147709525313,0.382178008556,0.924051582813,0.00568103883415,0.00603077095002
1624447781699985189,8316,1624447781700895263,iri_wam_link_base,0.149728983284,-0.401556719936,0.147709291311,0.382376343012,0.923970580101,0.00551113625988,0.00602914439514
1624447781723664261,8317,1624447781724608959,iri_wam_link_base,0.149730850977,-0.401540127224,0.147709414776,0.381169676781,0.924468457699,0.00563505711034,0.00599858397618
1624447781800092154,8318,1624447781801023067,iri_wam_link_base,0.149740951584,-0.40155099375,0.147708829451,0.385789990425,0.922548651695,0.00567929679528,0.00614545401186
1624447781823794208,8319,1624447781824746519,iri_wam_link_base,0.149744051216,-0.401556333298,0.147709269363,0.381518512964,0.924325227737,0.00546844443306,0.00605302676558
1624447781901290655,8320,1624447781901156812,iri_wam_link_base,0.149705019414,-0.401503901086,0.147696329359,0.384476721287,0.923096835613,0.00586517900229,0.00595294777304
1624447781923954896,8321,1624447781924883271,iri_wam_link_base,0.149752154242,-0.401541783156,0.147708796682,0.385643929243,0.92260992527,0.00569592230022,0.00610806420445
1624447782001619710,8322,1624447782002365915,iri_wam_link_base,0.149727833197,-0.401512743983,0.147708873617,0.380693852901,0.924665033817,0.0055821230635,0.00596901960671
1624447782025177797,8323,1624447782025036378,iri_wam_link_base,0.149746043858,-0.401529358184,0.147720859172,0.383791893721,0.92338180542,0.00573447952047,0.00607880670577
1624447782101715108,8324,1624447782102520527,iri_wam_link_base,0.149713069118,-0.401547613727,0.147719820772,0.384607762098,0.923043072224,0.00564941670746,0.00603984761983
1624447782125345773,8325,1624447782126235314,iri_wam_link_base,0.149722449015,-0.401554328533,0.147709204684,0.381181448698,0.924464523792,0.00550103466958,0.005979180336
1624447782201862311,8326,1624447782202668367,iri_wam_link_base,0.149705019414,-0.401503901086,0.147696329359,0.384476721287,0.923096835613,0.00586517900229,0.00595294777304
1624447782225615289,8327,1624447782226402145,iri_wam_link_base,0.149734024784,-0.401543511331,0.147708764327,0.385057479143,0.922854959965,0.00570921087638,0.00607381621376
1624447782301968114,8328,1624447782302808655,iri_wam_link_base,0.149730850977,-0.401540127224,0.147709414776,0.380979686975,0.924546778202,0.00563382403925,0.00599974114448
1624447782325688029,8329,1624447782326558900,iri_wam_link_base,0.149693667025,-0.401509058816,0.147707526152,0.385099023581,0.922837376595,0.00583470566198,0.00598837248981
1624447782402190429,8330,1624447782402944070,iri_wam_link_base,0.149728582332,-0.401551637517,0.147709313697,0.381888091564,0.924172341824,0.00554525991902,0.00601307721809
1624447782425823512,8331,1624447782426706095,iri_wam_link_base,0.149740196623,-0.401532402229,0.14772143098,0.38108214736,0.924504697323,0.00561093073338,0.00599620584399
1624447782502281362,8332,1624447782503085404,iri_wam_link_base,0.149734420295,-0.401548594289,0.147708740924,0.385402858257,0.922710895538,0.00567422574386,0.00609076023102
1624447782525914238,8333,1624447782526847908,iri_wam_link_base,0.149752346749,-0.401537412416,0.147710186341,0.382005572319,0.924123764038,0.00557687086985,0.00598928332329
1624447782603465688,8334,1624447782603222004,iri_wam_link_base,0.149726500911,-0.401501185217,0.147697096408,0.385334193707,0.922738969326,0.0058908178471,0.00596630619839
1624447782626164892,8335,1624447782626999282,iri_wam_link_base,0.149722054964,-0.401528932004,0.147696183121,0.385299801826,0.922754228115,0.0056471247226,0.00606195116416
1624447782703553278,8336,1624447782704435126,iri_wam_link_base,0.149749681725,-0.401543840901,0.147710109027,0.380621016026,0.924695253372,0.00551075441763,0.00599748408422
1624447782727282563,8337,1624447782727172992,iri_wam_link_base,0.149702615871,-0.401496249122,0.147719564965,0.384476482868,0.923097014427,0.00584439607337,0.00597041612491
1624447782803730438,8338,1624447782804582491,iri_wam_link_base,0.14976019573,-0.401536933991,0.147686398329,0.385032743216,0.922865211964,0.00576063245535,0.00603330135345
1624447782827420466,8339,1624447782828245657,iri_wam_link_base,0.149754399506,-0.401511253275,0.147686487105,0.379637360573,0.925099313259,0.00558971287683,0.0059539093636
1624447782903806600,8340,1624447782904717374,iri_wam_link_base,0.149710292531,-0.401452395952,0.147671498875,0.38554340601,0.922651290894,0.00591881852597,0.00598205858842
1624447782927536396,8341,1624447782928473399,iri_wam_link_base,0.149727224821,-0.401472693532,0.147672056319,0.383735150099,0.92340618372,0.00565463909879,0.00602748058736
1624447783003905350,8342,1624447783004846119,iri_wam_link_base,0.149720271123,-0.401478836773,0.147684651796,0.382451415062,0.92393809557,0.00580179784447,0.00597010506317
1624447783027794347,8343,1624447783028619513,iri_wam_link_base,0.149692406906,-0.401455154984,0.147682607475,0.385730952024,0.922573268414,0.00588305154815,0.00596315879375
1624447783104076543,8344,1624447783104980037,iri_wam_link_base,0.149717874907,-0.401500735702,0.147673082949,0.380210638046,0.924864113331,0.005573597271,0.00592502718791
1624447783127887141,8345,1624447783128824956,iri_wam_link_base,0.149704788733,-0.401489248545,0.147672526567,0.381974846125,0.924135565758,0.00578262424096,0.00593784544617
1624447783204346260,8346,1624447783205118116,iri_wam_link_base,0.149723711827,-0.4014976859,0.147672508315,0.384202361107,0.923211753368,0.00570517405868,0.00599982496351
1624447783228042342,8347,1624447783228970039,iri_wam_link_base,0.149709191873,-0.401499462334,0.147684357923,0.380366414785,0.924799740314,0.00559708941728,0.00596345914528
1624447783305416787,8348,1624447783305254766,iri_wam_link_base,0.149705171935,-0.401479902778,0.147695137345,0.38598972559,0.92246478796,0.00587392831221,0.00601006904617
1624447783328161771,8349,1624447783329108063,iri_wam_link_base,0.149724109774,-0.401502768549,0.147672484569,0.384073644876,0.923265457153,0.00566706107929,0.00601966492832
1624447783405556937,8350,1624447783406464235,iri_wam_link_base,0.149671197691,-0.401481080153,0.147647336004,0.383667737246,0.923433125019,0.00587652251124,0.00598092982545
1624447783429249384,8351,1624447783429242377,iri_wam_link_base,0.149692680255,-0.4014783631,0.147648101778,0.38274744153,0.923815429211,0.00580697273836,0.00598252238706
1624447783505699135,8352,1624447783506615893,iri_wam_link_base,0.149677076709,-0.401469613931,0.14765931807,0.382834076881,0.923779368401,0.00586507143453,0.00594530068338
1624447783529511250,8353,1624447783530319274,iri_wam_link_base,0.143965990853,-0.403034984425,0.151797866738,0.460642665625,0.887192368507,0.023496452719,0.0120814684778
1624447783605820775,8354,1624447783606748940,iri_wam_link_base,0.140639842428,-0.403130605339,0.149503649514,0.525808155537,0.849776208401,0.0361182503402,0.0100854188204
1624447783629666380,8355,1624447783630524218,iri_wam_link_base,0.14004508252,-0.403002188109,0.147198463295,0.527299761772,0.848785817623,0.03829536587,0.00714684324339
