%time,field.header.seq,field.header.stamp,field.header.frame_id,field.name0,field.name1,field.name2,field.name3,field.name4,field.name5,field.name6,field.position0,field.position1,field.position2,field.position3,field.position4,field.position5,field.position6,field.velocity0,field.velocity1,field.velocity2,field.velocity3,field.velocity4,field.velocity5,field.velocity6,field.effort0,field.effort1,field.effort2,field.effort3,field.effort4,field.effort5,field.effort6
1624447980921565129,730,1624447980922412559,,iri_wam_joint_1,iri_wam_joint_2,iri_wam_joint_3,iri_wam_joint_4,iri_wam_joint_5,iri_wam_joint_6,iri_wam_joint_7,-1.56692485147,0.143759792422,0.000684181612747,2.03559250552,-0.00300470463606,0.941421405184,0.00503449823218,0.0182564702389,0.0135711814166,0.0227995524973,0.0425984305577,0.0395243170122,-0.0395243170121,0.0513577863386,-0.433909194095,-10.1728553676,-0.414051843588,-5.57198649604,-0.0542379360266,0.0348312832087,0.0110322543995
1624447980921654452,731,1624447980922536550,,iri_wam_joint_1,iri_wam_joint_2,iri_wam_joint_3,iri_wam_joint_4,iri_wam_joint_5,iri_wam_joint_6,iri_wam_joint_7,-1.56692485147,0.143759792422,0.000684181612747,2.03559250552,-0.00300470463606,0.941421405184,0.00503449823218,0.0182564702389,0.0135711814166,0.0227995524973,0.0425984305577,0.0395243170122,-0.0395243170121,0.0513577863386,-0.433909194095,-10.1728553676,-0.414051843588,-5.57198649604,-0.0542379360266,0.0348312832087,0.0110322543995
1624447981021690543,732,1624447981022547290,,iri_wam_joint_1,iri_wam_joint_2,iri_wam_joint_3,iri_wam_joint_4,iri_wam_joint_5,iri_wam_joint_6,iri_wam_joint_7,-1.56692485147,0.143759792422,0.000684181612747,2.03550728437,-0.00300470463606,0.941421405184,0.00503449823218,0.0182608227172,0.0,0.0,0.0,0.0,0.0,-0.0513700304169,-0.438851050518,-10.1349785118,-0.420019948325,-5.53742025896,-0.0310083787943,0.0410249380329,0.0350543641012
1624447981021792382,733,1624447981022653846,,iri_wam_joint_1,iri_wam_joint_2,iri_wam_joint_3,iri_wam_joint_4,iri_wam_joint_5,iri_wam_joint_6,iri_wam_joint_7,-1.56692485147,0.143759792422,0.000684181612747,2.03550728437,-0.00300470463606,0.941421405184,0.00503449823218,0.0182608227172,0.0,0.0,0.0,0.0,0.0,-0.0513700304169,-0.438851050518,-10.1349785118,-0.420019948325,-5.53742025896,-0.0310083787943,0.0410249380329,0.0350543641012
1624447981122834131,734,1624447981122746633,,iri_wam_joint_1,iri_wam_joint_2,iri_wam_joint_3,iri_wam_joint_4,iri_wam_joint_5,iri_wam_joint_6,iri_wam_joint_7,-1.56692485147,0.143759792422,0.000684181612747,2.03559250552,-0.00292563346143,0.941500476358,0.00503449823218,0.0,0.0,0.0,0.0,0.0,0.0,-0.0513822803348,-0.420752404625,-10.1383882781,-0.403873375156,-5.54598279424,-0.0329643114309,0.0378184665008,0.0301236214211
1624447981122931832,735,1624447981122746633,,iri_wam_joint_1,iri_wam_joint_2,iri_wam_joint_3,iri_wam_joint_4,iri_wam_joint_5,iri_wam_joint_6,iri_wam_joint_7,-1.56692485147,0.143759792422,0.000684181612747,2.03559250552,-0.00292563346143,0.941500476358,0.00503449823218,0.0,0.0,0.0,0.0,0.0,0.0,-0.0513822803348,-0.420752404625,-10.1383882781,-0.403873375156,-5.54598279424,-0.0329643114309,0.0378184665008,0.0301236214211
1624447981222860333,736,1624447981222777787,,iri_wam_joint_1,iri_wam_joint_2,iri_wam_joint_3,iri_wam_joint_4,iri_wam_joint_5,iri_wam_joint_6,iri_wam_joint_7,-1.56696137483,0.143759792422,0.000684181612747,2.03559250552,-0.0030837758107,0.941500476358,0.0049317533703,-0.018271712998,0.0,0.0,0.0,-0.0395573167998,0.0395573167997,0.0,-0.389059775755,-10.1436524577,-0.374047526647,-5.55747759722,-0.0274687165972,0.027911697989,0.0217200247767
1624447981223016424,737,1624447981223904444,,iri_wam_joint_1,iri_wam_joint_2,iri_wam_joint_3,iri_wam_joint_4,iri_wam_joint_5,iri_wam_joint_6,iri_wam_joint_7,-1.56692485147,0.143759792422,0.000684181612747,2.03550728437,-0.00300470463606,0.941421405184,0.00503449823218,0.0182586462187,0.0,0.0,-0.0426035078438,0.0395290278962,-0.0395290278962,0.0513639076481,-0.413489345394,-10.1110255395,-0.395612716887,-5.49243400885,-0.0547008274541,0.0633675997275,0.00574657488719
1624447981323055701,738,1624447981323912803,,iri_wam_joint_1,iri_wam_joint_2,iri_wam_joint_3,iri_wam_joint_4,iri_wam_joint_5,iri_wam_joint_6,iri_wam_joint_7,-1.56692485147,0.143759792422,0.000684181612747,2.03550728437,-0.00300470463606,0.941421405184,0.00503449823218,0.0,0.0,0.0,0.0,0.0,0.0,-0.0513822803348,-0.420544433088,-10.1349810139,-0.403642246876,-5.5374221521,-0.03168790739,0.0410100635152,0.0308116729862
1624447981323152503,739,1624447981324030388,,iri_wam_joint_1,iri_wam_joint_2,iri_wam_joint_3,iri_wam_joint_4,iri_wam_joint_5,iri_wam_joint_6,iri_wam_joint_7,-1.56692485147,0.143759792422,0.000684181612747,2.03550728437,-0.00300470463606,0.941421405184,0.00503449823218,0.0,0.0,0.0,0.0,0.0,0.0,-0.0513822803348,-0.420544433088,-10.1349810139,-0.403642246876,-5.5374221521,-0.03168790739,0.0410100635152,0.0308116729862
1624447981423194850,740,1624447981424046994,,iri_wam_joint_1,iri_wam_joint_2,iri_wam_joint_3,iri_wam_joint_4,iri_wam_joint_5,iri_wam_joint_6,iri_wam_joint_7,-1.56696137483,0.143759792422,0.000684181612747,2.03550728437,-0.0030837758107,0.941500476358,0.0049317533703,-0.0182673553273,0.0135792729867,0.0228131463158,-0.0426238290972,0.0,0.0,0.0,-0.408029346785,-10.1379695604,-0.391667014006,-5.51160486055,-0.0366214968988,0.0503396354185,0.0215216851616
1624447981423292618,741,1624447981424149312,,iri_wam_joint_1,iri_wam_joint_2,iri_wam_joint_3,iri_wam_joint_4,iri_wam_joint_5,iri_wam_joint_6,iri_wam_joint_7,-1.56696137483,0.143759792422,0.000684181612747,2.03550728437,-0.0030837758107,0.941500476358,0.0049317533703,-0.0182673553273,0.0135792729867,0.0228131463158,-0.0426238290972,0.0,0.0,0.0,-0.408029346785,-10.1379695604,-0.391667014006,-5.51160486055,-0.0366214968988,0.0503396354185,0.0215216851616
1624447981523284304,742,1624447981524149979,,iri_wam_joint_1,iri_wam_joint_2,iri_wam_joint_3,iri_wam_joint_4,iri_wam_joint_5,iri_wam_joint_6,iri_wam_joint_7,-1.56692485147,0.143759792422,0.000684181612747,2.03550728437,-0.00300470463606,0.941421405184,0.0049317533703,0.0,0.0,0.0,0.0,0.0,0.0,0.0,-0.41015017171,-10.1349550109,-0.393388658248,-5.53739497214,-0.0378209630705,0.04101201805,0.0204147698974
1624447981523394811,743,1624447981524252991,,iri_wam_joint_1,iri_wam_joint_2,iri_wam_joint_3,iri_wam_joint_4,iri_wam_joint_5,iri_wam_joint_6,iri_wam_joint_7,-1.56692485147,0.143759792422,0.000684181612747,2.03550728437,-0.00300470463606,0.941421405184,0.0049317533703,0.0,0.0,0.0,0.0,0.0,0.0,0.0,-0.41015017171,-10.1349550109,-0.393388658248,-5.53739497214,-0.0378209630705,0.04101201805,0.0204147698974
1624447981623507641,744,1624447981624298742,,iri_wam_joint_1,iri_wam_joint_2,iri_wam_joint_3,iri_wam_joint_4,iri_wam_joint_5,iri_wam_joint_6,iri_wam_joint_7,-1.56692485147,0.143759792422,0.000684181612747,2.03559250552,-0.00300470463606,0.941421405184,0.00513724309406,0.0182695339028,-0.0135808924587,0.022815867025,0.0,0.0,0.0,0.0513945360963,-0.433870921853,-10.1167013639,-0.413396598434,-5.53830109925,-0.0454670022801,0.0409760747307,0.0148598566657
1624447981623592442,745,1624447981624424137,,iri_wam_joint_1,iri_wam_joint_2,iri_wam_joint_3,iri_wam_joint_4,iri_wam_joint_5,iri_wam_joint_6,iri_wam_joint_7,-1.56692485147,0.143759792422,0.000684181612747,2.03559250552,-0.00300470463606,0.941421405184,0.00513724309406,0.0182695339028,-0.0135808924587,0.022815867025,0.0,0.0,0.0,0.0513945360963,-0.433870921853,-10.1167013639,-0.413396598434,-5.53830109925,-0.0454670022801,0.0409760747307,0.0148598566657
1624447981723525150,746,1624447981724376684,,iri_wam_joint_1,iri_wam_joint_2,iri_wam_joint_3,iri_wam_joint_4,iri_wam_joint_5,iri_wam_joint_6,iri_wam_joint_7,-1.56696137483,0.143759792422,0.000684181612747,2.03559250552,-0.0030837758107,0.941500476358,0.0049317533703,-0.018271712998,-0.0135825123171,0.0228185883832,0.0426339969954,-0.0395573167998,0.0395573167997,0.0,-0.409502738309,-10.1408218787,-0.39250734217,-5.58499540235,-0.0269895043385,0.0172823213498,0.0269649901488
1624447981723619679,747,1624447981724513300,,iri_wam_joint_1,iri_wam_joint_2,iri_wam_joint_3,iri_wam_joint_4,iri_wam_joint_5,iri_wam_joint_6,iri_wam_joint_7,-1.56696137483,0.143759792422,0.000684181612747,2.03559250552,-0.0030837758107,0.941500476358,0.0049317533703,-0.018271712998,-0.0135825123171,0.0228185883832,0.0426339969954,-0.0395573167998,0.0395573167997,0.0,-0.409502738309,-10.1408218787,-0.39250734217,-5.58499540235,-0.0269895043385,0.0172823213498,0.0269649901488
1624447981823666660,748,1624447981824506046,,iri_wam_joint_1,iri_wam_joint_2,iri_wam_joint_3,iri_wam_joint_4,iri_wam_joint_5,iri_wam_joint_6,iri_wam_joint_7,-1.56696137483,0.143759792422,0.000684181612747,2.03559250552,-0.0030837758107,0.941500476358,0.0049317533703,0.0,0.0,0.0,0.0426085863404,-0.0395337399033,0.0395337399033,0.0,-0.407360378825,-10.1622490338,-0.390418895186,-5.59088913045,-0.0267996843594,0.0154801318762,0.0259870951362
1624447981823766172,749,1624447981824611330,,iri_wam_joint_1,iri_wam_joint_2,iri_wam_joint_3,iri_wam_joint_4,iri_wam_joint_5,iri_wam_joint_6,iri_wam_joint_7,-1.56696137483,0.143759792422,0.000684181612747,2.03559250552,-0.0030837758107,0.941500476358,0.0049317533703,0.0,0.0,0.0,0.0426085863404,-0.0395337399033,0.0395337399033,0.0,-0.407360378825,-10.1622490338,-0.390418895186,-5.59088913045,-0.0267996843594,0.0154801318762,0.0259870951362
1624447981923789830,750,1624447981924629581,,iri_wam_joint_1,iri_wam_joint_2,iri_wam_joint_3,iri_wam_joint_4,iri_wam_joint_5,iri_wam_joint_6,iri_wam_joint_7,-1.56692485147,0.14373264232,0.00063856950523,2.03559250552,-0.00292563346143,0.941500476358,0.00503449823218,0.018273892613,-0.0271682651238,0.0,0.0,0.0,0.0,0.0514067977058,-0.410748441636,-10.0899842938,-0.392801227868,-5.53313069747,-0.0461808250357,0.041486571328,0.00979987079185
1624447981923881012,751,1624447981924730782,,iri_wam_joint_1,iri_wam_joint_2,iri_wam_joint_3,iri_wam_joint_4,iri_wam_joint_5,iri_wam_joint_6,iri_wam_joint_7,-1.56692485147,0.14373264232,0.00063856950523,2.03559250552,-0.00292563346143,0.941500476358,0.00503449823218,0.018273892613,-0.0271682651238,0.0,0.0,0.0,0.0,0.0514067977058,-0.410748441636,-10.0899842938,-0.392801227868,-5.53313069747,-0.0461808250357,0.041486571328,0.00979987079185
1624447982023918754,752,1624447982024734753,,iri_wam_joint_1,iri_wam_joint_2,iri_wam_joint_3,iri_wam_joint_4,iri_wam_joint_5,iri_wam_joint_6,iri_wam_joint_7,-1.56692485147,0.143759792422,0.000684181612747,2.03559250552,-0.00292563346143,0.941500476358,0.00513724309406,0.0182608227172,0.0,0.0,0.0426085863404,0.0395337399033,0.0395337399033,0.0513700304169,-0.412083930616,-10.1622405535,-0.394244517689,-5.59086875221,-0.0568922520819,0.0154900047193,0.00356565400429
1624447982024924230,753,1624447982024835562,,iri_wam_joint_1,iri_wam_joint_2,iri_wam_joint_3,iri_wam_joint_4,iri_wam_joint_5,iri_wam_joint_6,iri_wam_joint_7,-1.56692485147,0.143759792422,0.000684181612747,2.03559250552,-0.00292563346143,0.941500476358,0.00513724309406,0.0182608227172,0.0,0.0,0.0426085863404,0.0395337399033,0.0395337399033,0.0513700304169,-0.412083930616,-10.1622405535,-0.394244517689,-5.59086875221,-0.0568922520819,0.0154900047193,0.00356565400429
1624447982124950556,754,1624447982125784577,,iri_wam_joint_1,iri_wam_joint_2,iri_wam_joint_3,iri_wam_joint_4,iri_wam_joint_5,iri_wam_joint_6,iri_wam_joint_7,-1.56692485147,0.143759792422,0.000684181612747,2.03550728437,-0.0030837758107,0.941500476358,0.00503449823218,0.0,0.0,0.0,0.0,-0.0395573167998,0.0395573167997,0.0,-0.409862232184,-10.140452136,-0.392463603693,-5.55063064785,-0.0277958044841,0.02979302046,0.0249679848677
1624447982125116018,755,1624447982125964898,,iri_wam_joint_1,iri_wam_joint_2,iri_wam_joint_3,iri_wam_joint_4,iri_wam_joint_5,iri_wam_joint_6,iri_wam_joint_7,-1.56692485147,0.143759792422,0.000684181612747,2.03550728437,-0.00300470463606,0.941421405184,0.00513724309406,0.0,0.0,0.0,0.0,0.0395478826674,-0.0395478826674,0.0513884074848,-0.393638660094,-10.1296256821,-0.377708647527,-5.52584734949,-0.056285550735,0.0509034370704,-1.27259661435e-05
1624447982225271144,756,1624447982226029570,,iri_wam_joint_1,iri_wam_joint_2,iri_wam_joint_3,iri_wam_joint_4,iri_wam_joint_5,iri_wam_joint_6,iri_wam_joint_7,-1.56696137483,0.143759792422,0.000684181612747,2.03559250552,-0.00300470463606,0.941421405184,0.00503449823218,-0.0182412528906,0.0,0.0,0.0,0.0,0.0,0.0,-0.38626471591,-10.1381523592,-0.371925971086,-5.54423845991,-0.0392821931252,0.0391269503321,0.0140848272411
1624447982225357121,757,1624447982226153110,,iri_wam_joint_1,iri_wam_joint_2,iri_wam_joint_3,iri_wam_joint_4,iri_wam_joint_5,iri_wam_joint_6,iri_wam_joint_7,-1.56696137483,0.143759792422,0.000684181612747,2.03559250552,-0.00300470463606,0.941421405184,0.00503449823218,-0.0182412528906,0.0,0.0,0.0,0.0,0.0,0.0,-0.38626471591,-10.1381523592,-0.371925971086,-5.54423845991,-0.0392821931252,0.0391269503321,0.0140848272411
1624447982325304165,758,1624447982326104038,,iri_wam_joint_1,iri_wam_joint_2,iri_wam_joint_3,iri_wam_joint_4,iri_wam_joint_5,iri_wam_joint_6,iri_wam_joint_7,-1.56692485147,0.143759792422,0.000684181612747,2.03550728437,-0.00292563346143,0.941500476358,0.00513724309406,0.0,0.0135825123171,0.0228185883832,0.0,0.0395573167998,-0.0395573167997,0.0,-0.426242112337,-10.1512769418,-0.408189058563,-5.53349213035,-0.0500482001921,0.0477971222228,0.0164714863405
1624447982325433527,759,1624447982326257009,,iri_wam_joint_1,iri_wam_joint_2,iri_wam_joint_3,iri_wam_joint_4,iri_wam_joint_5,iri_wam_joint_6,iri_wam_joint_7,-1.56692485147,0.143759792422,0.000684181612747,2.03550728437,-0.00292563346143,0.941500476358,0.00513724309406,0.0,0.0135825123171,0.0228185883832,0.0,0.0395573167998,-0.0395573167997,0.0,-0.426242112337,-10.1512769418,-0.408189058563,-5.53349213035,-0.0500482001921,0.0477971222228,0.0164714863405
1624447982425380226,760,1624447982426237923,,iri_wam_joint_1,iri_wam_joint_2,iri_wam_joint_3,iri_wam_joint_4,iri_wam_joint_5,iri_wam_joint_6,iri_wam_joint_7,-1.56696137483,0.143786942525,0.00063856950523,2.03550728437,-0.00292563346143,0.941500476358,0.00503449823218,0.0,0.0135760352011,-0.0228077068437,0.0,0.0,0.0,0.0,-0.379937002172,-10.1620477547,-0.366206388488,-5.54604149955,-0.040213547343,0.0377944300108,0.0117400169992
1624447982425483221,761,1624447982426346014,,iri_wam_joint_1,iri_wam_joint_2,iri_wam_joint_3,iri_wam_joint_4,iri_wam_joint_5,iri_wam_joint_6,iri_wam_joint_7,-1.56696137483,0.143786942525,0.00063856950523,2.03550728437,-0.00292563346143,0.941500476358,0.00503449823218,0.0,0.0135760352011,-0.0228077068437,0.0,0.0,0.0,0.0,-0.379937002172,-10.1620477547,-0.366206388488,-5.54604149955,-0.040213547343,0.0377944300108,0.0117400169992
1624447982525537311,762,1624447982526377936,,iri_wam_joint_1,iri_wam_joint_2,iri_wam_joint_3,iri_wam_joint_4,iri_wam_joint_5,iri_wam_joint_6,iri_wam_joint_7,-1.56692485147,0.143759792422,0.000684181612747,2.03550728437,-0.0030837758107,0.941500476358,0.00513724309406,0.0,0.0,0.0,0.0,0.0,0.0,0.0513884074848,-0.394891682096,-10.1351240294,-0.378306275697,-5.53908440966,-0.0453659118876,0.0396859898392,0.00608145893435
1624447982525620372,763,1624447982526478519,,iri_wam_joint_1,iri_wam_joint_2,iri_wam_joint_3,iri_wam_joint_4,iri_wam_joint_5,iri_wam_joint_6,iri_wam_joint_7,-1.56692485147,0.143759792422,0.000684181612747,2.03550728437,-0.0030837758107,0.941500476358,0.00513724309406,0.0,0.0,0.0,0.0,0.0,0.0,0.0513884074848,-0.394891682096,-10.1351240294,-0.378306275697,-5.53908440966,-0.0453659118876,0.0396859898392,0.00608145893435
1624447982625626817,764,1624447982626465452,,iri_wam_joint_1,iri_wam_joint_2,iri_wam_joint_3,iri_wam_joint_4,iri_wam_joint_5,iri_wam_joint_6,iri_wam_joint_7,-1.56692485147,0.143759792422,0.000684181612747,2.03550728437,-0.0030837758107,0.941500476358,0.00503449823218,0.0,-0.0135760352011,0.0228077068437,0.0,0.0,0.0,0.0,-0.428816843563,-10.1137237929,-0.41007161969,-5.53321937463,-0.0369559327066,0.0415056739357,0.0247807954874
1624447982625715619,765,1624447982626569484,,iri_wam_joint_1,iri_wam_joint_2,iri_wam_joint_3,iri_wam_joint_4,iri_wam_joint_5,iri_wam_joint_6,iri_wam_joint_7,-1.56692485147,0.143759792422,0.000684181612747,2.03550728437,-0.0030837758107,0.941500476358,0.00503449823218,0.0,-0.0135760352011,0.0228077068437,0.0,0.0,0.0,0.0,-0.428816843563,-10.1137237929,-0.41007161969,-5.53321937463,-0.0369559327066,0.0415056739357,0.0247807954874
1624447982725730842,766,1624447982726595879,,iri_wam_joint_1,iri_wam_joint_2,iri_wam_joint_3,iri_wam_joint_4,iri_wam_joint_5,iri_wam_joint_6,iri_wam_joint_7,-1.56692485147,0.143759792422,0.000684181612747,2.03559250552,-0.00300470463606,0.941421405184,0.0049317533703,0.018271712998,0.0,0.0,0.0426339969954,-0.0395573167998,-0.0395573167997,-0.0514006661698,-0.441929882083,-10.1514760097,-0.422450434944,-5.5661382,-0.0204755067227,0.036610874441,0.0420282653869
1624447982725835449,767,1624447982726693924,,iri_wam_joint_1,iri_wam_joint_2,iri_wam_joint_3,iri_wam_joint_4,iri_wam_joint_5,iri_wam_joint_6,iri_wam_joint_7,-1.56692485147,0.143759792422,0.000684181612747,2.03559250552,-0.00300470463606,0.941421405184,0.0049317533703,0.018271712998,0.0,0.0,0.0426339969954,-0.0395573167998,-0.0395573167997,-0.0514006661698,-0.441929882083,-10.1514760097,-0.422450434944,-5.5661382,-0.0204755067227,0.036610874441,0.0420282653869
1624447982825872174,768,1624447982826694050,,iri_wam_joint_1,iri_wam_joint_2,iri_wam_joint_3,iri_wam_joint_4,iri_wam_joint_5,iri_wam_joint_6,iri_wam_joint_7,-1.56692485147,0.143786942525,0.00063856950523,2.03550728437,-0.00292563346143,0.941500476358,0.00503449823218,0.0,0.0,0.0,0.0,0.0790957653349,0.0,0.0,-0.40135576083,-10.1406423032,-0.386439347623,-5.54015772537,-0.0591372563497,0.0396148271058,0.00669392006642
1624447982825958503,769,1624447982826799687,,iri_wam_joint_1,iri_wam_joint_2,iri_wam_joint_3,iri_wam_joint_4,iri_wam_joint_5,iri_wam_joint_6,iri_wam_joint_7,-1.56692485147,0.143786942525,0.00063856950523,2.03550728437,-0.00292563346143,0.941500476358,0.00503449823218,0.0,0.0,0.0,0.0,0.0790957653349,0.0,0.0,-0.40135576083,-10.1406423032,-0.386439347623,-5.54015772537,-0.0591372563497,0.0396148271058,0.00669392006642
1624447982925979255,770,1624447982926813339,,iri_wam_joint_1,iri_wam_joint_2,iri_wam_joint_3,iri_wam_joint_4,iri_wam_joint_5,iri_wam_joint_6,iri_wam_joint_7,-1.56692485147,0.143759792422,0.000684181612747,2.03559250552,-0.00300470463606,0.941579547533,0.00503449823218,0.0,0.0,0.0,0.0426187469667,0.0395431672886,0.0395431672885,0.0,-0.407012205314,-10.1624717708,-0.390905566966,-5.59262345145,-0.0483814511551,0.0141551613814,0.0134895732053
1624447982927148544,771,1624447982928021007,,iri_wam_joint_1,iri_wam_joint_2,iri_wam_joint_3,iri_wam_joint_4,iri_wam_joint_5,iri_wam_joint_6,iri_wam_joint_7,-1.56692485147,0.143759792422,0.000684181612747,2.03559250552,-0.00300470463606,0.941579547533,0.00503449823218,0.0,0.0,0.0,0.0426187469667,0.0395431672886,0.0395431672885,0.0,-0.407012205314,-10.1624717708,-0.390905566966,-5.59262345145,-0.0483814511551,0.0141551613814,0.0134895732053
1624447983027183855,772,1624447983027997366,,iri_wam_joint_1,iri_wam_joint_2,iri_wam_joint_3,iri_wam_joint_4,iri_wam_joint_5,iri_wam_joint_6,iri_wam_joint_7,-1.56696137483,0.14373264232,0.00063856950523,2.03550728437,-0.00300470463606,0.941421405184,0.0049317533703,0.0,-0.0135808924587,-0.022815867025,0.0,0.039552599171,-0.039552599171,-0.0513945360963,-0.391680602636,-10.1027509975,-0.378394402652,-5.51901723033,-0.0406640785187,0.0527391715898,0.0204853354011
1624447983027303629,773,1624447983028131827,,iri_wam_joint_1,iri_wam_joint_2,iri_wam_joint_3,iri_wam_joint_4,iri_wam_joint_5,iri_wam_joint_6,iri_wam_joint_7,-1.56696137483,0.143759792422,0.000684181612747,2.03559250552,-0.00300470463606,0.941421405184,0.0049317533703,0.0,0.0135792729867,0.0228131463158,0.0426238290972,0.0,0.0,0.0,-0.426551738868,-10.178173357,-0.408282166041,-5.58354217636,-0.0372331496598,0.0249185045308,0.025127852244
1624447983127327497,774,1624447983128144450,,iri_wam_joint_1,iri_wam_joint_2,iri_wam_joint_3,iri_wam_joint_4,iri_wam_joint_5,iri_wam_joint_6,iri_wam_joint_7,-1.56692485147,0.143786942525,0.00063856950523,2.03559250552,-0.00300470463606,0.941421405184,0.00503449823218,0.0,0.0,0.0,0.0426085863404,0.0,0.0,-0.0513700304169,-0.416100374706,-10.1622648118,-0.399739012596,-5.57869302338,-0.0315468490393,0.026630995484,0.0301616528649
1624447983127400460,775,1624447983128248230,,iri_wam_joint_1,iri_wam_joint_2,iri_wam_joint_3,iri_wam_joint_4,iri_wam_joint_5,iri_wam_joint_6,iri_wam_joint_7,-1.56692485147,0.143786942525,0.00063856950523,2.03559250552,-0.00300470463606,0.941421405184,0.00503449823218,0.0,0.0,0.0,0.0426085863404,0.0,0.0,-0.0513700304169,-0.416100374706,-10.1622648118,-0.399739012596,-5.57869302338,-0.0315468490393,0.026630995484,0.0301616528649
1624447983227438379,776,1624447983228249623,,iri_wam_joint_1,iri_wam_joint_2,iri_wam_joint_3,iri_wam_joint_4,iri_wam_joint_5,iri_wam_joint_6,iri_wam_joint_7,-1.56692485147,0.143759792422,0.000684181612747,2.03550728437,-0.0030837758107,0.941500476358,0.0049317533703,0.0,0.013576035201,0.0228077068437,-0.0426136660478,0.0,0.0,0.0,-0.430357839738,-10.1379794198,-0.411594377422,-5.51159605233,-0.0360555911388,0.0503589745249,0.0263121642378
1624447983227503393,777,1624447983228351526,,iri_wam_joint_1,iri_wam_joint_2,iri_wam_joint_3,iri_wam_joint_4,iri_wam_joint_5,iri_wam_joint_6,iri_wam_joint_7,-1.56692485147,0.143759792422,0.000684181612747,2.03550728437,-0.0030837758107,0.941500476358,0.0049317533703,0.0,0.013576035201,0.0228077068437,-0.0426136660478,0.0,0.0,0.0,-0.430357839738,-10.1379794198,-0.411594377422,-5.51159605233,-0.0360555911388,0.0503589745249,0.0263121642378
1624447983327539706,778,1624447983328369268,,iri_wam_joint_1,iri_wam_joint_2,iri_wam_joint_3,iri_wam_joint_4,iri_wam_joint_5,iri_wam_joint_6,iri_wam_joint_7,-1.56692485147,0.14373264232,0.00063856950523,2.03559250552,-0.00300470463606,0.941421405184,0.0049317533703,0.0,-0.013572798959,-0.0228022699648,0.0,0.0,0.0,0.0,-0.385247898779,-10.1112436113,-0.371015404375,-5.53733345436,-0.0381558443073,0.040984361653,0.0145044830389
1624447983327620827,779,1624447983328471325,,iri_wam_joint_1,iri_wam_joint_2,iri_wam_joint_3,iri_wam_joint_4,iri_wam_joint_5,iri_wam_joint_6,iri_wam_joint_7,-1.56692485147,0.14373264232,0.00063856950523,2.03559250552,-0.00300470463606,0.941421405184,0.0049317533703,0.0,-0.013572798959,-0.0228022699648,0.0,0.0,0.0,0.0,-0.385247898779,-10.1112436113,-0.371015404375,-5.53733345436,-0.0381558443073,0.040984361653,0.0145044830389
1624447983427677202,780,1624447983428489140,,iri_wam_joint_1,iri_wam_joint_2,iri_wam_joint_3,iri_wam_joint_4,iri_wam_joint_5,iri_wam_joint_6,iri_wam_joint_7,-1.56696137483,0.143759792422,0.000684181612747,2.03559250552,-0.00292563346143,0.941500476358,0.00523998795594,0.0,0.0,0.0,0.0,0.0791051983421,0.0,0.0513945360963,-0.3867219867,-10.1383317907,-0.37193843578,-5.54594783973,-0.0679909478973,0.0378113996003,-0.00819662658267
1624447983427782986,781,1624447983428597196,,iri_wam_joint_1,iri_wam_joint_2,iri_wam_joint_3,iri_wam_joint_4,iri_wam_joint_5,iri_wam_joint_6,iri_wam_joint_7,-1.56696137483,0.143759792422,0.000684181612747,2.03559250552,-0.00292563346143,0.941500476358,0.00523998795594,0.0,0.0,0.0,0.0,0.0791051983421,0.0,0.0513945360963,-0.3867219867,-10.1383317907,-0.37193843578,-5.54594783973,-0.0679909478973,0.0378113996003,-0.00819662658267
1624447983527753486,782,1624447983528597409,,iri_wam_joint_1,iri_wam_joint_2,iri_wam_joint_3,iri_wam_joint_4,iri_wam_joint_5,iri_wam_joint_6,iri_wam_joint_7,-1.56692485147,0.143759792422,0.000684181612747,2.03550728437,-0.00292563346143,0.941500476358,0.00513724309406,0.0,-0.0135792729867,0.0228131463158,0.0,0.0790957653349,0.0,0.10277681497,-0.400817277995,-10.1136789359,-0.383715721388,-5.53317986734,-0.0737461734104,0.0414994538708,-0.0128265172203
1624447983527846768,783,1624447983528700942,,iri_wam_joint_1,iri_wam_joint_2,iri_wam_joint_3,iri_wam_joint_4,iri_wam_joint_5,iri_wam_joint_6,iri_wam_joint_7,-1.56692485147,0.143759792422,0.000684181612747,2.03550728437,-0.00292563346143,0.941500476358,0.00513724309406,0.0,-0.0135792729867,0.0228131463158,0.0,0.0790957653349,0.0,0.10277681497,-0.400817277995,-10.1136789359,-0.383715721388,-5.53317986734,-0.0737461734104,0.0414994538708,-0.0128265172203
1624447983627870097,784,1624447983628715110,,iri_wam_joint_1,iri_wam_joint_2,iri_wam_joint_3,iri_wam_joint_4,iri_wam_joint_5,iri_wam_joint_6,iri_wam_joint_7,-1.56692485147,0.143759792422,0.000684181612747,2.03550728437,-0.00300470463606,0.941421405184,0.0049317533703,0.0,0.0,0.0456154136873,-0.0426136660478,0.039538453034,-0.039538453034,0.0,-0.449553145566,-10.1110512408,-0.42946209489,-5.49246124025,-0.0464845220168,0.0633934541731,0.0254387536
1624447983627971271,785,1624447983628817755,,iri_wam_joint_1,iri_wam_joint_2,iri_wam_joint_3,iri_wam_joint_4,iri_wam_joint_5,iri_wam_joint_6,iri_wam_joint_7,-1.56692485147,0.143759792422,0.000684181612747,2.03550728437,-0.00300470463606,0.941421405184,0.0049317533703,0.0,0.0,0.0456154136873,-0.0426136660478,0.039538453034,-0.039538453034,0.0,-0.449553145566,-10.1110512408,-0.42946209489,-5.49246124025,-0.0464845220168,0.0633934541731,0.0254387536
1624447983727972322,786,1624447983728820994,,iri_wam_joint_1,iri_wam_joint_2,iri_wam_joint_3,iri_wam_joint_4,iri_wam_joint_5,iri_wam_joint_6,iri_wam_joint_7,-1.56696137483,0.143759792422,0.000684181612747,2.03550728437,-0.0030837758107,0.941500476358,0.00513724309406,-0.0182673553273,0.0,0.0,0.0,0.0,0.0,-0.0513884074848,-0.396432771891,-10.1351714793,-0.381931119056,-5.53915245036,-0.0318789182315,0.0396667528291,0.025166730553
1624447983729008593,787,1624447983728924537,,iri_wam_joint_1,iri_wam_joint_2,iri_wam_joint_3,iri_wam_joint_4,iri_wam_joint_5,iri_wam_joint_6,iri_wam_joint_7,-1.56696137483,0.143759792422,0.000684181612747,2.03550728437,-0.0030837758107,0.941500476358,0.00513724309406,-0.0182673553273,0.0,0.0,0.0,0.0,0.0,-0.0513884074848,-0.396432771891,-10.1351714793,-0.381931119056,-5.53915245036,-0.0318789182315,0.0396667528291,0.025166730553
1624447983828985035,788,1624447983828937095,,iri_wam_joint_1,iri_wam_joint_2,iri_wam_joint_3,iri_wam_joint_4,iri_wam_joint_5,iri_wam_joint_6,iri_wam_joint_7,-1.56692485147,0.14373264232,0.00063856950523,2.03550728437,-0.00300470463606,0.941421405184,0.0049317533703,0.0182651772714,-0.0135776539008,-0.0228104262555,0.0,-0.0395431672886,-0.0395431672885,0.0,-0.405127195261,-10.1027195555,-0.38832947084,-5.51896020084,-0.0278252240383,0.0527585521369,0.0241534931901
1624447983829261055,789,1624447983830104761,,iri_wam_joint_1,iri_wam_joint_2,iri_wam_joint_3,iri_wam_joint_4,iri_wam_joint_5,iri_wam_joint_6,iri_wam_joint_7,-1.56692485147,0.143759792422,0.000592957397714,2.03550728437,-0.00300470463606,0.941579547533,0.00503449823218,0.0,0.013572798959,-0.0228022699648,0.0,0.0,0.0790580557923,0.0513639076481,-0.367278367423,-10.1673427654,-0.353754594081,-5.56976909102,-0.045931945646,0.0167440075708,0.000360205335461
1624447983929403487,790,1624447983930250924,,iri_wam_joint_1,iri_wam_joint_2,iri_wam_joint_3,iri_wam_joint_4,iri_wam_joint_5,iri_wam_joint_6,iri_wam_joint_7,-1.56692485147,0.143759792422,0.000684181612747,2.03550728437,-0.00300470463606,0.941421405184,0.00503449823218,0.0182673553273,0.0,0.0456262926317,0.0,0.0395478826674,-0.0395478826674,0.0513884074848,-0.454380612689,-10.1296191196,-0.432537040122,-5.52584032076,-0.0537365058945,0.0509600460385,0.0162268971951
1624447983929495189,791,1624447983930250924,,iri_wam_joint_1,iri_wam_joint_2,iri_wam_joint_3,iri_wam_joint_4,iri_wam_joint_5,iri_wam_joint_6,iri_wam_joint_7,-1.56692485147,0.143759792422,0.000684181612747,2.03550728437,-0.00300470463606,0.941421405184,0.00503449823218,0.0182673553273,0.0,0.0456262926317,0.0,0.0395478826674,-0.0395478826674,0.0513884074848,-0.454380612689,-10.1296191196,-0.432537040122,-5.52584032076,-0.0537365058945,0.0509600460385,0.0162268971951
1624447984029439065,792,1624447984030262095,,iri_wam_joint_1,iri_wam_joint_2,iri_wam_joint_3,iri_wam_joint_4,iri_wam_joint_5,iri_wam_joint_6,iri_wam_joint_7,-1.56696137483,0.143759792422,0.000684181612747,2.03550728437,-0.00292563346143,0.941500476358,0.00513724309406,-0.0182564702389,-0.0135711814166,0.0227995524973,0.0,0.0395243170122,-0.0395243170121,0.0513577863386,-0.391981196017,-10.1083864289,-0.376488726821,-5.52168497263,-0.0576354587761,0.0513744284334,-0.000271311090232
1624447984029546514,793,1624447984030383637,,iri_wam_joint_1,iri_wam_joint_2,iri_wam_joint_3,iri_wam_joint_4,iri_wam_joint_5,iri_wam_joint_6,iri_wam_joint_7,-1.56696137483,0.143759792422,0.000684181612747,2.03550728437,-0.00292563346143,0.941500476358,0.00513724309406,-0.0182564702389,-0.0135711814166,0.0227995524973,0.0,0.0395243170122,-0.0395243170121,0.0513577863386,-0.391981196017,-10.1083864289,-0.376488726821,-5.52168497263,-0.0576354587761,0.0513744284334,-0.000271311090232
1624447984129651145,794,1624447984130412861,,iri_wam_joint_1,iri_wam_joint_2,iri_wam_joint_3,iri_wam_joint_4,iri_wam_joint_5,iri_wam_joint_6,iri_wam_joint_7,-1.56696137483,0.143759792422,0.000684181612747,2.03550728437,-0.00300470463606,0.941421405184,0.00503449823218,0.0,0.0,0.0,-0.0426238290972,-0.0395478826674,-0.0395478826674,0.0,-0.406148852601,-10.1110304369,-0.389245047172,-5.49245335924,-0.028941177131,0.0633481779293,0.0237099639227
1624447984129735843,795,1624447984130513601,,iri_wam_joint_1,iri_wam_joint_2,iri_wam_joint_3,iri_wam_joint_4,iri_wam_joint_5,iri_wam_joint_6,iri_wam_joint_7,-1.56696137483,0.143759792422,0.000684181612747,2.03550728437,-0.00300470463606,0.941421405184,0.00503449823218,0.0,0.0,0.0,-0.0426238290972,-0.0395478826674,-0.0395478826674,0.0,-0.406148852601,-10.1110304369,-0.389245047172,-5.49245335924,-0.028941177131,0.0633481779293,0.0237099639227
1624447984229736163,796,1624447984230515994,,iri_wam_joint_1,iri_wam_joint_2,iri_wam_joint_3,iri_wam_joint_4,iri_wam_joint_5,iri_wam_joint_6,iri_wam_joint_7,-1.56696137483,0.14373264232,0.00063856950523,2.03550728437,-0.00300470463606,0.941421405184,0.0049317533703,0.0,0.0,0.0,0.0,0.0,0.0,-0.0513700304169,-0.413620158059,-10.129472306,-0.397714615576,-5.53642294954,-0.0305284537861,0.0410661602737,0.0311284152473
1624447984229833208,797,1624447984230622679,,iri_wam_joint_1,iri_wam_joint_2,iri_wam_joint_3,iri_wam_joint_4,iri_wam_joint_5,iri_wam_joint_6,iri_wam_joint_7,-1.56696137483,0.14373264232,0.00063856950523,2.03550728437,-0.00300470463606,0.941421405184,0.0049317533703,0.0,0.0,0.0,0.0,0.0,0.0,-0.0513700304169,-0.413620158059,-10.129472306,-0.397714615576,-5.53642294954,-0.0305284537861,0.0410661602737,0.0311284152473
1624447984329892054,798,1624447984330738345,,iri_wam_joint_1,iri_wam_joint_2,iri_wam_joint_3,iri_wam_joint_4,iri_wam_joint_5,iri_wam_joint_6,iri_wam_joint_7,-1.56692485147,0.143786942525,0.00063856950523,2.03559250552,-0.00300470463606,0.941421405184,0.0049317533703,0.0,0.0135841325619,-0.0228213103906,0.0,0.0,0.0,0.0,-0.385262205116,-10.1650679155,-0.371024985834,-5.55114778807,-0.0381601106623,0.0372627289848,0.0145200018833
1624447984329985727,799,1624447984330738345,,iri_wam_joint_1,iri_wam_joint_2,iri_wam_joint_3,iri_wam_joint_4,iri_wam_joint_5,iri_wam_joint_6,iri_wam_joint_7,-1.56692485147,0.143786942525,0.00063856950523,2.03559250552,-0.00300470463606,0.941421405184,0.0049317533703,0.0,0.0135841325619,-0.0228213103906,0.0,0.0,0.0,0.0,-0.385262205116,-10.1650679155,-0.371024985834,-5.55114778807,-0.0381601106623,0.0372627289848,0.0145200018833
1624447984430011431,800,1624447984430747751,,iri_wam_joint_1,iri_wam_joint_2,iri_wam_joint_3,iri_wam_joint_4,iri_wam_joint_5,iri_wam_joint_6,iri_wam_joint_7,-1.56696137483,0.14373264232,0.00063856950523,2.03559250552,-0.0030837758107,0.941500476358,0.0049317533703,0.0,0.0,0.0,0.0,0.0,0.0,-0.0513700304169,-0.41336328973,-10.1328823304,-0.397442503105,-5.54498365361,-0.0292607598936,0.0378797377822,0.0318164488491
1624447984430078598,801,1624447984430852737,,iri_wam_joint_1,iri_wam_joint_2,iri_wam_joint_3,iri_wam_joint_4,iri_wam_joint_5,iri_wam_joint_6,iri_wam_joint_7,-1.56696137483,0.14373264232,0.00063856950523,2.03559250552,-0.0030837758107,0.941500476358,0.0049317533703,0.0,0.0,0.0,0.0,0.0,0.0,-0.0513700304169,-0.41336328973,-10.1328823304,-0.397442503105,-5.54498365361,-0.0292607598936,0.0378797377822,0.0318164488491
1624447984530086104,802,1624447984530963772,,iri_wam_joint_1,iri_wam_joint_2,iri_wam_joint_3,iri_wam_joint_4,iri_wam_joint_5,iri_wam_joint_6,iri_wam_joint_7,-1.56696137483,0.143759792422,0.000684181612747,2.03550728437,-0.0030837758107,0.941500476358,0.00503449823218,-0.0182608227172,0.0135744168872,0.0228049880802,0.0,0.0,0.0,0.0,-0.406483989456,-10.1565678171,-0.390139338975,-5.54501577104,-0.0375261765823,0.0378908302014,0.0200053653723
1624447984530174325,803,1624447984530963772,,iri_wam_joint_1,iri_wam_joint_2,iri_wam_joint_3,iri_wam_joint_4,iri_wam_joint_5,iri_wam_joint_6,iri_wam_joint_7,-1.56696137483,0.143759792422,0.000684181612747,2.03550728437,-0.0030837758107,0.941500476358,0.00503449823218,-0.0182608227172,0.0135744168872,0.0228049880802,0.0,0.0,0.0,0.0,-0.406483989456,-10.1565678171,-0.390139338975,-5.54501577104,-0.0375261765823,0.0378908302014,0.0200053653723
1624447984630219178,804,1624447984630975960,,iri_wam_joint_1,iri_wam_joint_2,iri_wam_joint_3,iri_wam_joint_4,iri_wam_joint_5,iri_wam_joint_6,iri_wam_joint_7,-1.56696137483,0.143759792422,0.000592957397714,2.03559250552,-0.00292563346143,0.941500476358,0.00513724309406,0.0,0.0,-0.0456154136873,0.0426136660478,0.039538453034,0.039538453034,0.0513761546456,-0.339995997214,-10.1622150189,-0.329604179504,-5.59089574287,-0.0581288871971,0.0154237776911,-0.0130328994964
1624447984631358451,805,1624447984632211723,,iri_wam_joint_1,iri_wam_joint_2,iri_wam_joint_3,iri_wam_joint_4,iri_wam_joint_5,iri_wam_joint_6,iri_wam_joint_7,-1.56696137483,0.14373264232,0.00063856950523,2.03550728437,-0.00292563346143,0.941500476358,0.00513724309406,0.0,-0.0135857531933,0.0228240330476,-0.0426441697458,0.0,0.0,0.0,-0.419279100389,-10.0896131899,-0.401606082771,-5.49880578641,-0.0401183587469,0.0539986506006,0.0206165783562
1624447984731336163,806,1624447984732184562,,iri_wam_joint_1,iri_wam_joint_2,iri_wam_joint_3,iri_wam_joint_4,iri_wam_joint_5,iri_wam_joint_6,iri_wam_joint_7,-1.56692485147,0.143786942525,0.00063856950523,2.03550728437,-0.0030837758107,0.941500476358,0.00513724309406,0.0,0.0135808924587,-0.022815867025,0.0,0.0,0.0,0.102789072193,-0.358083657645,-10.162001864,-0.344178009603,-5.54597174824,-0.0527301800384,0.0378004338335,-0.0117524696668
1624447984731420481,807,1624447984732325663,,iri_wam_joint_1,iri_wam_joint_2,iri_wam_joint_3,iri_wam_joint_4,iri_wam_joint_5,iri_wam_joint_6,iri_wam_joint_7,-1.56692485147,0.143786942525,0.00063856950523,2.03550728437,-0.0030837758107,0.941500476358,0.00513724309406,0.0,0.0135808924587,-0.022815867025,0.0,0.0,0.0,0.102789072193,-0.358083657645,-10.162001864,-0.344178009603,-5.54597174824,-0.0527301800384,0.0378004338335,-0.0117524696668
1624447984831566544,808,1624447984832362156,,iri_wam_joint_1,iri_wam_joint_2,iri_wam_joint_3,iri_wam_joint_4,iri_wam_joint_5,iri_wam_joint_6,iri_wam_joint_7,-1.56696137483,0.14373264232,0.00063856950523,2.03550728437,-0.00292563346143,0.941500476358,0.0049317533703,-0.0182586462187,0.0,0.0,0.0,0.0790580557924,0.0,0.0,-0.380550305507,-10.1296601255,-0.368020896604,-5.53813961455,-0.058809227069,0.0397240319993,0.00344356703293
1624447984831692686,809,1624447984832472048,,iri_wam_joint_1,iri_wam_joint_2,iri_wam_joint_3,iri_wam_joint_4,iri_wam_joint_5,iri_wam_joint_6,iri_wam_joint_7,-1.56696137483,0.14373264232,0.00063856950523,2.03550728437,-0.00292563346143,0.941500476358,0.0049317533703,-0.0182586462187,0.0,0.0,0.0,0.0790580557924,0.0,0.0,-0.380550305507,-10.1296601255,-0.368020896604,-5.53813961455,-0.058809227069,0.0397240319993,0.00344356703293
1624447984931636526,810,1624447984932448221,,iri_wam_joint_1,iri_wam_joint_2,iri_wam_joint_3,iri_wam_joint_4,iri_wam_joint_5,iri_wam_joint_6,iri_wam_joint_7,-1.56696137483,0.143759792422,0.000684181612747,2.03559250552,-0.0030837758107,0.941500476358,0.00503449823218,-0.0182564702389,-0.0135711814166,0.0227995524973,0.0425984305577,-0.0395243170122,0.0395243170121,-0.0513577863386,-0.419897019935,-10.1408482554,-0.402761096272,-5.58502295523,-0.0208565547809,0.0172806579519,0.0373618906296
1624447984931706553,811,1624447984932562957,,iri_wam_joint_1,iri_wam_joint_2,iri_wam_joint_3,iri_wam_joint_4,iri_wam_joint_5,iri_wam_joint_6,iri_wam_joint_7,-1.56696137483,0.143759792422,0.000684181612747,2.03559250552,-0.0030837758107,0.941500476358,0.00503449823218,-0.0182564702389,-0.0135711814166,0.0227995524973,0.0425984305577,-0.0395243170122,0.0395243170121,-0.0513577863386,-0.419897019935,-10.1408482554,-0.402761096272,-5.58502295523,-0.0208565547809,0.0172806579519,0.0373618906296
1624447985031758246,812,1624447985032583613,,iri_wam_joint_1,iri_wam_joint_2,iri_wam_joint_3,iri_wam_joint_4,iri_wam_joint_5,iri_wam_joint_6,iri_wam_joint_7,-1.56696137483,0.143759792422,0.000684181612747,2.03550728437,-0.00300470463606,0.941421405184,0.00513724309406,0.0,0.0,0.0,0.0,0.0,0.0,0.0513822803348,-0.391109821063,-10.1349118374,-0.375015935897,-5.53736917094,-0.0465224501675,0.0410041043915,0.0048471746139
1624447985032689322,813,1624447985032690569,,iri_wam_joint_1,iri_wam_joint_2,iri_wam_joint_3,iri_wam_joint_4,iri_wam_joint_5,iri_wam_joint_6,iri_wam_joint_7,-1.56696137483,0.143759792422,0.000684181612747,2.03550728437,-0.00300470463606,0.941421405184,0.00513724309406,0.0,0.0,0.0,0.0,0.0,0.0,0.0513822803348,-0.391109821063,-10.1349118374,-0.375015935897,-5.53736917094,-0.0465224501675,0.0410041043915,0.0048471746139
1624447985131911813,814,1624447985132780571,,iri_wam_joint_1,iri_wam_joint_2,iri_wam_joint_3,iri_wam_joint_4,iri_wam_joint_5,iri_wam_joint_6,iri_wam_joint_7,-1.56692485147,0.14373264232,0.00063856950523,2.03550728437,-0.00300470463606,0.941579547533,0.00503449823218,0.0182629997347,-0.013576035201,-0.0228077068437,0.0,0.039538453034,0.039538453034,0.0513761546456,-0.3885164712,-10.1137129262,-0.373162492477,-5.5454441359,-0.0550497349513,0.0303171639903,-0.000143405543536
1624447985132015962,815,1624447985132780571,,iri_wam_joint_1,iri_wam_joint_2,iri_wam_joint_3,iri_wam_joint_4,iri_wam_joint_5,iri_wam_joint_6,iri_wam_joint_7,-1.56692485147,0.14373264232,0.00063856950523,2.03550728437,-0.00300470463606,0.941579547533,0.00503449823218,0.0182629997347,-0.013576035201,-0.0228077068437,0.0,0.039538453034,0.039538453034,0.0513761546456,-0.3885164712,-10.1137129262,-0.373162492477,-5.5454441359,-0.0550497349513,0.0303171639903,-0.000143405543536
1624447985231998238,816,1624447985232817895,,iri_wam_joint_1,iri_wam_joint_2,iri_wam_joint_3,iri_wam_joint_4,iri_wam_joint_5,iri_wam_joint_6,iri_wam_joint_7,-1.56696137483,0.143759792422,0.000592957397714,2.03550728437,-0.00292563346143,0.941500476358,0.0049317533703,-0.0182608227172,0.0,-0.0456099761604,0.0,0.0790674798067,0.0,0.0,-0.33523137008,-10.135142921,-0.327206703468,-5.5391653778,-0.0596319154621,0.0396181152164,-0.00768805291504
1624447985232888260,817,1624447985232923328,,iri_wam_joint_1,iri_wam_joint_2,iri_wam_joint_3,iri_wam_joint_4,iri_wam_joint_5,iri_wam_joint_6,iri_wam_joint_7,-1.56696137483,0.143759792422,0.000592957397714,2.03550728437,-0.00292563346143,0.941500476358,0.0049317533703,-0.0182608227172,0.0,-0.0456099761604,0.0,0.0790674798067,0.0,0.0,-0.33523137008,-10.135142921,-0.327206703468,-5.5391653778,-0.0596319154621,0.0396181152164,-0.00768805291504
1624447985332117146,818,1624447985333014959,,iri_wam_joint_1,iri_wam_joint_2,iri_wam_joint_3,iri_wam_joint_4,iri_wam_joint_5,iri_wam_joint_6,iri_wam_joint_7,-1.56692485147,0.143759792422,0.000684181612747,2.03550728437,-0.00300470463606,0.941421405184,0.00503449823218,0.0,0.0,0.0,0.0,0.0395007794246,-0.0395007794246,0.0,-0.40711487369,-10.1296553761,-0.391007850306,-5.52587854401,-0.0483647777125,0.0509050118317,0.0134661193684
1624447985332215302,819,1624447985333014959,,iri_wam_joint_1,iri_wam_joint_2,iri_wam_joint_3,iri_wam_joint_4,iri_wam_joint_5,iri_wam_joint_6,iri_wam_joint_7,-1.56692485147,0.143759792422,0.000684181612747,2.03550728437,-0.00300470463606,0.941421405184,0.00503449823218,0.0,0.0,0.0,0.0,0.0395007794246,-0.0395007794246,0.0,-0.40711487369,-10.1296553761,-0.391007850306,-5.52587854401,-0.0483647777125,0.0509050118317,0.0134661193684
1624447985432272925,820,1624447985433042844,,iri_wam_joint_1,iri_wam_joint_2,iri_wam_joint_3,iri_wam_joint_4,iri_wam_joint_5,iri_wam_joint_6,iri_wam_joint_7,-1.56692485147,0.143759792422,0.000684181612747,2.03550728437,-0.0030837758107,0.941500476358,0.00503449823218,0.0182695339028,0.0,0.0,0.0,0.0,0.0,0.0,-0.426674184787,-10.1351517673,-0.40798295234,-5.5391140717,-0.0367661199561,0.0397032708684,0.0238030028925
1624447985433390413,821,1624447985434246192,,iri_wam_joint_1,iri_wam_joint_2,iri_wam_joint_3,iri_wam_joint_4,iri_wam_joint_5,iri_wam_joint_6,iri_wam_joint_7,-1.56696137483,0.14373264232,0.00063856950523,2.03550728437,-0.00300470463606,0.941579547533,0.00503449823218,-0.0182651772714,-0.0135776539008,-0.0228104262555,0.0,0.0395431672886,0.0395431672885,0.0,-0.359817163045,-10.1137342767,-0.348633852539,-5.54548372425,-0.0492684250867,0.030283014389,0.0027612888897
1624447985533367060,822,1624447985534213490,,iri_wam_joint_1,iri_wam_joint_2,iri_wam_joint_3,iri_wam_joint_4,iri_wam_joint_5,iri_wam_joint_6,iri_wam_joint_7,-1.56692485147,0.143759792422,0.000684181612747,2.03550728437,-0.00300470463606,0.941579547533,0.00503449823218,0.0182651772714,0.0135776539008,0.0228104262555,0.0,0.0,0.0,-0.0513822803348,-0.459277453687,-10.156802715,-0.438463535104,-5.54675831478,-0.0305301954365,0.0365973711354,0.0402867708359
1624447985533472909,823,1624447985534360789,,iri_wam_joint_1,iri_wam_joint_2,iri_wam_joint_3,iri_wam_joint_4,iri_wam_joint_5,iri_wam_joint_6,iri_wam_joint_7,-1.56692485147,0.143759792422,0.000684181612747,2.03550728437,-0.00300470463606,0.941579547533,0.00503449823218,0.0182651772714,0.0135776539008,0.0228104262555,0.0,0.0,0.0,-0.0513822803348,-0.459277453687,-10.156802715,-0.438463535104,-5.54675831478,-0.0305301954365,0.0365973711354,0.0402867708359
1624447985633543184,824,1624447985634363382,,iri_wam_joint_1,iri_wam_joint_2,iri_wam_joint_3,iri_wam_joint_4,iri_wam_joint_5,iri_wam_joint_6,iri_wam_joint_7,-1.56696137483,0.14384124273,0.00063856950523,2.03414374589,-0.00292563346143,0.942133045756,0.00513724309406,0.0,0.0,0.0,-0.127764838845,0.0395148986118,0.197574493059,0.0,-0.40217813786,-10.2342657669,-0.386406302879,-6.80933265536,-0.0514917616191,-0.139989948151,0.00991065770394
1624447985633630714,825,1624447985634470333,,iri_wam_joint_1,iri_wam_joint_2,iri_wam_joint_3,iri_wam_joint_4,iri_wam_joint_5,iri_wam_joint_6,iri_wam_joint_7,-1.56696137483,0.14384124273,0.00063856950523,2.03414374589,-0.00292563346143,0.942133045756,0.00513724309406,0.0,0.0,0.0,-0.127764838845,0.0395148986118,0.197574493059,0.0,-0.40217813786,-10.2342657669,-0.386406302879,-6.80933265536,-0.0514917616191,-0.139989948151,0.00991065770394
1624447985733693207,826,1624447985734487410,,iri_wam_joint_1,iri_wam_joint_2,iri_wam_joint_3,iri_wam_joint_4,iri_wam_joint_5,iri_wam_joint_6,iri_wam_joint_7,-1.56692485147,0.144058443549,0.00063856950523,1.98957308189,-0.00363727403313,0.946323818011,0.00513724309406,0.0,-0.0135906174086,-0.0228322049176,-0.725210445607,0.0395809218342,0.197904609171,0.0,-0.403011209121,-8.55477374825,-0.385161144332,-6.32773248481,-0.0431313751653,0.45687492702,0.00998294853049
1624447985733797366,827,1624447985734588436,,iri_wam_joint_1,iri_wam_joint_2,iri_wam_joint_3,iri_wam_joint_4,iri_wam_joint_5,iri_wam_joint_6,iri_wam_joint_7,-1.56692485147,0.144058443549,0.00063856950523,1.98957308189,-0.00363727403313,0.946323818011,0.00513724309406,0.0,-0.0135906174086,-0.0228322049176,-0.725210445607,0.0395809218342,0.197904609171,0.0,-0.403011209121,-8.55477374825,-0.385161144332,-6.32773248481,-0.0431313751653,0.45687492702,0.00998294853049
1624447985833767237,828,1624447985834592070,,iri_wam_joint_1,iri_wam_joint_2,iri_wam_joint_3,iri_wam_joint_4,iri_wam_joint_5,iri_wam_joint_6,iri_wam_joint_7,-1.56692485147,0.145877500413,0.000410508967648,1.9190951868,-0.000790711746333,1.00720862248,0.00462351878465,0.0,0.0542976675487,0.0,-0.511303036083,0.0790674798067,0.71160731826,-0.0513700304169,-0.452840146667,-6.36938507801,-0.431616072506,-5.75906286516,-0.0908158481669,0.261555295163,0.00290110397444
1624447985833859404,829,1624447985834698572,,iri_wam_joint_1,iri_wam_joint_2,iri_wam_joint_3,iri_wam_joint_4,iri_wam_joint_5,iri_wam_joint_6,iri_wam_joint_7,-1.56692485147,0.145877500413,0.000410508967648,1.9190951868,-0.000790711746333,1.00720862248,0.00462351878465,0.0,0.0542976675487,0.0,-0.511303036083,0.0790674798067,0.71160731826,-0.0513700304169,-0.452840146667,-6.36938507801,-0.431616072506,-5.75906286516,-0.0908158481669,0.261555295163,0.00290110397444
1624447985933887356,830,1624447985934705574,,iri_wam_joint_1,iri_wam_joint_2,iri_wam_joint_3,iri_wam_joint_4,iri_wam_joint_5,iri_wam_joint_6,iri_wam_joint_7,-1.56692485147,0.155352886164,0.0,1.86813293618,-0.00110699644487,1.04041851582,0.00431528419901,0.0,0.162970709505,0.0,-0.383660211959,-5.5535037246e-14,0.553736388394,0.0,-0.421380708402,-6.44567618659,-0.399534118072,-6.28025113628,-0.0710850792682,0.260094348133,0.00124910719147
1624447985933956370,831,1624447985934808967,,iri_wam_joint_1,iri_wam_joint_2,iri_wam_joint_3,iri_wam_joint_4,iri_wam_joint_5,iri_wam_joint_6,iri_wam_joint_7,-1.56692485147,0.155352886164,0.0,1.86813293618,-0.00110699644487,1.04041851582,0.00431528419901,0.0,0.162970709505,0.0,-0.383660211959,-5.5535037246e-14,0.553736388394,0.0,-0.421380708402,-6.44567618659,-0.399534118072,-6.28025113628,-0.0710850792682,0.260094348133,0.00124910719147
1624447986034013109,832,1624447986034830875,,iri_wam_joint_1,iri_wam_joint_2,iri_wam_joint_3,iri_wam_joint_4,iri_wam_joint_5,iri_wam_joint_6,iri_wam_joint_7,-1.56692485147,0.174167907156,-0.00114030268791,1.81648891632,-0.0059303380975,1.06437708174,0.00452077392277,0.0182629997347,0.244368633619,-0.0456154136873,-0.553977658621,-0.237230718204,0.316307624272,0.0513761546456,-1.55136574355,-5.92535195599,-1.31665108448,-6.37616705364,-0.0951589525682,0.336925823939,0.0218824982543
1624447986034139392,833,1624447986034929887,,iri_wam_joint_1,iri_wam_joint_2,iri_wam_joint_3,iri_wam_joint_4,iri_wam_joint_5,iri_wam_joint_6,iri_wam_joint_7,-1.56692485147,0.174167907156,-0.00114030268791,1.81648891632,-0.0059303380975,1.06437708174,0.00452077392277,0.0182629997347,0.244368633619,-0.0456154136873,-0.553977658621,-0.237230718204,0.316307624272,0.0513761546456,-1.55136574355,-5.92535195599,-1.31665108448,-6.37616705364,-0.0951589525682,0.336925823939,0.0218824982543
1624447986134082300,834,1624447986134927889,,iri_wam_joint_1,iri_wam_joint_2,iri_wam_joint_3,iri_wam_joint_4,iri_wam_joint_5,iri_wam_joint_6,iri_wam_joint_7,-1.56710746823,0.209788841557,-0.0213920784252,1.7593055214,-0.0185817260388,1.07734475438,-0.00441802906089,0.0182826162758,0.462080991891,-0.273986459011,-0.597232131677,0.0395809218343,0.118742765503,-0.462882046367,-2.52253965651,-5.8286422042,-2.01048506783,-6.39225947071,-0.053882501046,0.34774843565,-0.0216112778365
1624447986134185854,835,1624447986135032173,,iri_wam_joint_1,iri_wam_joint_2,iri_wam_joint_3,iri_wam_joint_4,iri_wam_joint_5,iri_wam_joint_6,iri_wam_joint_7,-1.56710746823,0.209788841557,-0.0213920784252,1.7593055214,-0.0185817260388,1.07734475438,-0.00441802906089,0.0182826162758,0.462080991891,-0.273986459011,-0.597232131677,0.0395809218343,0.118742765503,-0.462882046367,-2.52253965651,-5.8286422042,-2.01048506783,-6.39225947071,-0.053882501046,0.34774843565,-0.0216112778365
1624447986234237341,836,1624447986235049871,,iri_wam_joint_1,iri_wam_joint_2,iri_wam_joint_3,iri_wam_joint_4,iri_wam_joint_5,iri_wam_joint_6,iri_wam_joint_7,-1.56729008499,0.264794949102,-0.0677339796619,1.6930034629,-0.00759083276479,1.08960078645,-0.0526053692832,0.0182499454104,0.637617561773,-0.478619483571,-0.766497707238,0.434612102042,0.513632484231,-0.770091467419,-1.1678463574,-10.1891605396,-0.941105824028,-7.26575279369,0.101687894937,0.378659858997,-0.0426390375371
1624447986235257668,837,1624447986236134289,,iri_wam_joint_1,iri_wam_joint_2,iri_wam_joint_3,iri_wam_joint_4,iri_wam_joint_5,iri_wam_joint_6,iri_wam_joint_7,-1.56729008499,0.264794949102,-0.0677339796619,1.6930034629,-0.00759083276479,1.08960078645,-0.0526053692832,0.0182499454104,0.637617561773,-0.478619483571,-0.766497707238,0.434612102042,0.513632484231,-0.770091467419,-1.1678463574,-10.1891605396,-0.941105824028,-7.26575279369,0.101687894937,0.378659858997,-0.0426390375371
1624447986335231736,838,1624447986335151177,,iri_wam_joint_1,iri_wam_joint_2,iri_wam_joint_3,iri_wam_joint_4,iri_wam_joint_5,iri_wam_joint_6,iri_wam_joint_7,-1.56729008499,0.325176776929,-0.110062015437,1.59397648092,0.0244329929617,1.13902027059,-0.103464075914,0.0182629997347,0.556617443243,-0.296500188968,-1.06534165119,0.118615359102,0.909384419782,-0.411009237165,-0.981861044304,-13.2216368709,-0.904433382314,-6.7420629014,0.030011296323,0.48191678152,-0.0437197818134
1624447986335398495,839,1624447986336280635,,iri_wam_joint_1,iri_wam_joint_2,iri_wam_joint_3,iri_wam_joint_4,iri_wam_joint_5,iri_wam_joint_6,iri_wam_joint_7,-1.56729008499,0.326398531539,-0.11074619705,1.59201639436,0.0250655623587,1.14075983643,-0.103977800224,0.0,0.610775953157,-0.342034049472,-0.979880680405,0.31623222317,0.869638613716,-0.256819538241,-0.822518398527,-13.5897678377,-0.798871545492,-6.8166635442,-0.0272876591882,0.469455994565,-0.117291527231
1624447986435454985,840,1624447986436299079,,iri_wam_joint_1,iri_wam_joint_2,iri_wam_joint_3,iri_wam_joint_4,iri_wam_joint_5,iri_wam_joint_6,iri_wam_joint_7,-1.56725356164,0.379178330683,-0.141853654376,1.4940972874,0.0377960214747,1.19587244515,-0.133362830722,0.0182629997348,0.475161232037,-0.387731016342,-0.767045988859,0.079076906068,0.474461436408,-0.102752309291,-1.55600626616,-14.7252888109,-1.29712652708,-6.36857044225,0.0173456141043,0.474733425546,-0.132803173739
1624447986435564720,841,1624447986436420527,,iri_wam_joint_1,iri_wam_joint_2,iri_wam_joint_3,iri_wam_joint_4,iri_wam_joint_5,iri_wam_joint_6,iri_wam_joint_7,-1.56725356164,0.379178330683,-0.141853654376,1.4940972874,0.0377960214747,1.19587244515,-0.133362830722,0.0182629997348,0.475161232037,-0.387731016342,-0.767045988859,0.079076906068,0.474461436408,-0.102752309291,-1.55600626616,-14.7252888109,-1.29712652708,-6.36857044225,0.0173456141043,0.474733425546,-0.132803173739
1624447986535635564,842,1624447986536428694,,iri_wam_joint_1,iri_wam_joint_2,iri_wam_joint_3,iri_wam_joint_4,iri_wam_joint_5,iri_wam_joint_6,iri_wam_joint_7,-1.5674361784,0.421695391105,-0.177157425594,1.42711345966,0.0558242492911,1.21832865875,-0.168296083761,0.0,0.380128985629,-0.364923309499,-0.596591324668,0.316307624272,0.0790769060679,-0.359633082519,-1.88149091041,-15.3555048914,-1.56410447988,-6.94757499641,0.0206224738289,0.422763266651,-0.0737611381145
1624447986535741823,843,1624447986536553138,,iri_wam_joint_1,iri_wam_joint_2,iri_wam_joint_3,iri_wam_joint_4,iri_wam_joint_5,iri_wam_joint_6,iri_wam_joint_7,-1.5674361784,0.421695391105,-0.177157425594,1.42711345966,0.0558242492911,1.21832865875,-0.168296083761,0.0,0.380128985629,-0.364923309499,-0.596591324668,0.316307624272,0.0790769060679,-0.359633082519,-1.88149091041,-15.3555048914,-1.56410447988,-6.94757499641,0.0206224738289,0.422763266651,-0.0737611381145
1624447986635703999,844,1624447986636540862,,iri_wam_joint_1,iri_wam_joint_2,iri_wam_joint_3,iri_wam_joint_4,iri_wam_joint_5,iri_wam_joint_6,iri_wam_joint_7,-1.56783793528,0.460547187697,-0.212050687844,1.36098184347,0.0713221995192,1.23335218193,-0.196756410502,0.0,0.353103203927,-0.2737904043,-0.724691511478,0.39552599171,0.237315595026,-0.205578144385,-2.19534246681,-14.8486475769,-1.68202511758,-7.15276576557,0.0656096737291,0.390263572624,-0.121972624961
1624447986635806356,845,1624447986636649720,,iri_wam_joint_1,iri_wam_joint_2,iri_wam_joint_3,iri_wam_joint_4,iri_wam_joint_5,iri_wam_joint_6,iri_wam_joint_7,-1.56783793528,0.460547187697,-0.212050687844,1.36098184347,0.0713221995192,1.23335218193,-0.196756410502,0.0,0.353103203927,-0.2737904043,-0.724691511478,0.39552599171,0.237315595026,-0.205578144385,-2.19534246681,-14.8486475769,-1.68202511758,-7.15276576557,0.0656096737291,0.390263572624,-0.121972624961
1624447986735915096,846,1624447986736669531,,iri_wam_joint_1,iri_wam_joint_2,iri_wam_joint_3,iri_wam_joint_4,iri_wam_joint_5,iri_wam_joint_6,iri_wam_joint_7,-1.5683492622,0.502548396173,-0.245758035299,1.27703900591,0.0951226230838,1.25841774429,-0.224908502658,-0.0182629997348,0.475161232037,-0.43334643003,-0.852273320955,0.39538453034,0.237230718204,-0.205504618583,-3.03068236223,-13.8377551571,-2.01769067811,-6.56243546589,0.0528077440975,0.507195503263,-0.134726169042
1624447986736017975,847,1624447986736768791,,iri_wam_joint_1,iri_wam_joint_2,iri_wam_joint_3,iri_wam_joint_4,iri_wam_joint_5,iri_wam_joint_6,iri_wam_joint_7,-1.5683492622,0.502548396173,-0.245758035299,1.27703900591,0.0951226230838,1.25841774429,-0.224908502658,-0.0182629997348,0.475161232037,-0.43334643003,-0.852273320955,0.39538453034,0.237230718204,-0.205504618583,-3.03068236223,-13.8377551571,-2.01769067811,-6.56243546589,0.0528077440975,0.507195503263,-0.134726169042
1624447986836032666,848,1624447986836780097,,iri_wam_joint_1,iri_wam_joint_2,iri_wam_joint_3,iri_wam_joint_4,iri_wam_joint_5,iri_wam_joint_6,iri_wam_joint_7,-1.56900668254,0.557391603103,-0.291005245955,1.18269918746,0.140509477323,1.30570230672,-0.261793908073,0.0,0.583839117736,-0.433398098854,-0.767137445398,0.593147509328,0.593147509328,-0.411058242678,-2.42581908232,-15.4445948613,-1.82960957163,-6.1677579053,-0.0171736093531,0.485589478576,-0.0718068968211
1624447986836128758,849,1624447986836881199,,iri_wam_joint_1,iri_wam_joint_2,iri_wam_joint_3,iri_wam_joint_4,iri_wam_joint_5,iri_wam_joint_6,iri_wam_joint_7,-1.56900668254,0.557391603103,-0.291005245955,1.18269918746,0.140509477323,1.30570230672,-0.261793908073,0.0,0.583839117736,-0.433398098854,-0.767137445398,0.593147509328,0.593147509328,-0.411058242678,-2.42581908232,-15.4445948613,-1.82960957163,-6.1677579053,-0.0171736093531,0.485589478576,-0.0718068968211
1624447986936104425,850,1624447986936885070,,iri_wam_joint_1,iri_wam_joint_2,iri_wam_joint_3,iri_wam_joint_4,iri_wam_joint_5,iri_wam_joint_6,iri_wam_joint_7,-1.56915277595,0.609899901222,-0.316912923024,1.12858375411,0.175142651813,1.3425494741,-0.282034645864,-0.0182695339028,0.448169451138,-0.022815867025,-0.298402387079,-0.0791051983421,0.0791051983421,0.0,-1.52905359086,-20.2933769477,-1.76789517529,-7.02478477588,0.0417221156505,0.353139379507,-0.0442030511138
1624447986936196553,851,1624447986936991225,,iri_wam_joint_1,iri_wam_joint_2,iri_wam_joint_3,iri_wam_joint_4,iri_wam_joint_5,iri_wam_joint_6,iri_wam_joint_7,-1.56915277595,0.609899901222,-0.316912923024,1.12858375411,0.175142651813,1.3425494741,-0.282034645864,-0.0182695339028,0.448169451138,-0.022815867025,-0.298402387079,-0.0791051983421,0.0791051983421,0.0,-1.52905359086,-20.2933769477,-1.76789517529,-7.02478477588,0.0417221156505,0.353139379507,-0.0442030511138
1624447987036173770,852,1624447987036997585,,iri_wam_joint_1,iri_wam_joint_2,iri_wam_joint_3,iri_wam_joint_4,iri_wam_joint_5,iri_wam_joint_6,iri_wam_joint_7,-1.56886058913,0.643213076917,-0.315590171906,1.11128385967,0.175696150035,1.34167969118,-0.279568769179,0.0,0.244397770215,0.0,-0.1278562409,-0.0790863345772,0.0,0.0513822803347,-2.19999757497,-22.8401082716,-2.23577772569,-7.83200639245,0.0798696779402,0.158528640286,-0.0205803834963
1624447987037332913,853,1624447987037104130,,iri_wam_joint_1,iri_wam_joint_2,iri_wam_joint_3,iri_wam_joint_4,iri_wam_joint_5,iri_wam_joint_6,iri_wam_joint_7,-1.56886058913,0.643213076917,-0.315590171906,1.11128385967,0.175696150035,1.34167969118,-0.279568769179,0.0,0.244397770215,0.0,-0.1278562409,-0.0790863345772,0.0,0.0513822803347,-2.19999757497,-22.8401082716,-2.23577772569,-7.83200639245,0.0798696779402,0.158528640286,-0.0205803834963
1624447987136245312,854,1624447987137108098,,iri_wam_joint_1,iri_wam_joint_2,iri_wam_joint_3,iri_wam_joint_4,iri_wam_joint_5,iri_wam_joint_6,iri_wam_joint_7,-1.56893363584,0.660399091762,-0.316091905089,1.09730759027,0.175617078861,1.34017733886,-0.278746810284,0.0,0.108582391672,2.77509706381e-14,-0.0852070156873,-0.0395290278962,0.0395290278962,-0.0513639076481,-2.09938242058,-19.7191134427,-1.87789380165,-7.01285362238,0.184961677844,-0.0402947010027,0.021910888989
1624447987137333556,855,1624447987137210443,,iri_wam_joint_1,iri_wam_joint_2,iri_wam_joint_3,iri_wam_joint_4,iri_wam_joint_5,iri_wam_joint_6,iri_wam_joint_7,-1.56893363584,0.660399091762,-0.316091905089,1.09730759027,0.175617078861,1.34017733886,-0.278746810284,0.0,0.108582391672,2.77509706381e-14,-0.0852070156873,-0.0395290278962,0.0395290278962,-0.0513639076481,-2.09938242058,-19.7191134427,-1.87789380165,-7.01285362238,0.184961677844,-0.0402947010027,0.021910888989
1624447987237342083,856,1624447987238171048,,iri_wam_joint_1,iri_wam_joint_2,iri_wam_joint_3,iri_wam_joint_4,iri_wam_joint_5,iri_wam_joint_6,iri_wam_joint_7,-1.56882406578,0.673105339704,-0.314632317648,1.09483617678,0.180361349339,1.33654006483,-0.277616616803,0.0,0.122447078781,0.0685702670268,0.0,-0.0792469639304,0.0792469639304,0.0514866409997,-0.630669829059,-20.9556057656,-1.30012840789,-7.28317118529,0.26474531925,-0.0431516941424,0.00673942304101
1624447987237478971,857,1624447987238356935,,iri_wam_joint_1,iri_wam_joint_2,iri_wam_joint_3,iri_wam_joint_4,iri_wam_joint_5,iri_wam_joint_6,iri_wam_joint_7,-1.56878754243,0.673322540523,-0.314541093433,1.09475095562,0.180282278164,1.336619136,-0.277616616803,0.0182629997347,0.108608281608,0.0456154136874,-0.0426136660477,-0.039538453034,0.0395384530341,0.0,3.7431205464,-23.4866634637,0.539649444165,-6.9483432005,0.567289612419,0.551250859048,0.020564447428
1624447987337545931,858,1624447987338370414,,iri_wam_joint_1,iri_wam_joint_2,iri_wam_joint_3,iri_wam_joint_4,iri_wam_joint_5,iri_wam_joint_6,iri_wam_joint_7,-1.56703442153,0.677150704967,-0.307744889413,1.09415440754,0.198784933028,1.35543807556,-0.276178188737,0.0547302757325,0.0,0.0455665225687,-0.0425679922363,0.0789921505417,0.315968602166,0.0,6.04153830214,-27.4072876997,1.06708805735,-7.24539173895,0.375426549751,0.717734175812,0.051845142709
1624447987337634208,859,1624447987338487409,,iri_wam_joint_1,iri_wam_joint_2,iri_wam_joint_3,iri_wam_joint_4,iri_wam_joint_5,iri_wam_joint_6,iri_wam_joint_7,-1.56703442153,0.677150704967,-0.307744889413,1.09415440754,0.198784933028,1.35543807556,-0.276178188737,0.0547302757325,0.0,0.0455665225687,-0.0425679922363,0.0789921505417,0.315968602166,0.0,6.04153830214,-27.4072876997,1.06708805735,-7.24539173895,0.375426549751,0.717734175812,0.051845142709
1624447987437785571,860,1624447987438496371,,iri_wam_joint_1,iri_wam_joint_2,iri_wam_joint_3,iri_wam_joint_4,iri_wam_joint_5,iri_wam_joint_6,iri_wam_joint_7,-1.56086197503,0.670797580996,-0.300720624856,1.08801848439,0.212622388589,1.38335020021,-0.267753110062,0.0913149986737,-0.0950322464073,0.114038534218,0.0,-0.118615359102,0.19769226517,0.102752309291,7.31076349945,-27.0280376514,1.55412151451,-5.9999929365,0.19194133609,0.913277632482,0.0865786192827
1624447987437882067,861,1624447987438600134,,iri_wam_joint_1,iri_wam_joint_2,iri_wam_joint_3,iri_wam_joint_4,iri_wam_joint_5,iri_wam_joint_6,iri_wam_joint_7,-1.56086197503,0.670797580996,-0.300720624856,1.08801848439,0.212622388589,1.38335020021,-0.267753110062,0.0913149986737,-0.0950322464073,0.114038534218,0.0,-0.118615359102,0.19769226517,0.102752309291,7.31076349945,-27.0280376514,1.55412151451,-5.9999929365,0.19194133609,0.913277632482,0.0865786192827
1624447987537883587,862,1624447987538605498,,iri_wam_joint_1,iri_wam_joint_2,iri_wam_joint_3,iri_wam_joint_4,iri_wam_joint_5,iri_wam_joint_6,iri_wam_joint_7,-1.55118328672,0.657412580493,-0.280879358086,1.0891263594,0.193882520201,1.41505774124,-0.240114742216,0.109291349661,-0.148945733167,0.250228477414,0.0425021915349,-0.354915207662,0.276045161515,0.25620879023,7.10184088325,-25.6527093888,1.70342985774,-4.68151313943,0.22951213018,0.809262261395,0.100487248473
1624447987538638680,863,1624447987538711426,,iri_wam_joint_1,iri_wam_joint_2,iri_wam_joint_3,iri_wam_joint_4,iri_wam_joint_5,iri_wam_joint_6,iri_wam_joint_7,-1.55118328672,0.657412580493,-0.280879358086,1.0891263594,0.193882520201,1.41505774124,-0.240114742216,0.109291349661,-0.148945733167,0.250228477414,0.0425021915349,-0.354915207662,0.276045161515,0.25620879023,7.10184088325,-25.6527093888,1.70342985774,-4.68151313943,0.22951213018,0.809262261395,0.100487248473
1624447987637898338,864,1624447987638715096,,iri_wam_joint_1,iri_wam_joint_2,iri_wam_joint_3,iri_wam_joint_4,iri_wam_joint_5,iri_wam_joint_6,iri_wam_joint_7,-1.53949581405,0.638651859707,-0.250547306588,1.11341438854,0.17356122832,1.43411389432,-0.20209914332,0.127810523531,-0.230737582304,0.342034049472,0.681656125499,-0.276703195273,0.197645139481,0.462275168833,12.3964743166,-22.4208859749,4.66855853903,-0.866755265067,0.539548166752,1.13196069215,0.00734739126752
1624447987637986565,865,1624447987638820943,,iri_wam_joint_1,iri_wam_joint_2,iri_wam_joint_3,iri_wam_joint_4,iri_wam_joint_5,iri_wam_joint_6,iri_wam_joint_7,-1.53949581405,0.638651859707,-0.250547306588,1.11341438854,0.17356122832,1.43411389432,-0.20209914332,0.127810523531,-0.230737582304,0.342034049472,0.681656125499,-0.276703195273,0.197645139481,0.462275168833,12.3964743166,-22.4208859749,4.66855853903,-0.866755265067,0.539548166752,1.13196069215,0.00734739126752
1624447987738054943,866,1624447987738827693,,iri_wam_joint_1,iri_wam_joint_2,iri_wam_joint_3,iri_wam_joint_4,iri_wam_joint_5,iri_wam_joint_6,iri_wam_joint_7,-1.52170894158,0.6074292419,-0.201924799975,1.22241224564,0.154505075233,1.4130018907,-0.160487474258,0.182499454104,-0.379857270843,0.54699369551,1.57557862043,-0.869224204084,-0.869224204084,0.0513394311613,13.0078130545,-25.2114499464,5.29924080813,-1.01310214188,0.611687586235,0.505834251421,0.218880814638
1624447987738159769,867,1624447987738929207,,iri_wam_joint_1,iri_wam_joint_2,iri_wam_joint_3,iri_wam_joint_4,iri_wam_joint_5,iri_wam_joint_6,iri_wam_joint_7,-1.52170894158,0.6074292419,-0.201924799975,1.22241224564,0.154505075233,1.4130018907,-0.160487474258,0.182499454104,-0.379857270843,0.54699369551,1.57557862043,-0.869224204084,-0.869224204084,0.0513394311613,13.0078130545,-25.2114499464,5.29924080813,-1.01310214188,0.611687586235,0.505834251421,0.218880814638
1624447987838080857,868,1624447987838936924,,iri_wam_joint_1,iri_wam_joint_2,iri_wam_joint_3,iri_wam_joint_4,iri_wam_joint_5,iri_wam_joint_6,iri_wam_joint_7,-1.49632521188,0.560160913551,-0.134373268743,1.39217278616,0.0944109825121,1.28870200417,-0.0813739306099,0.237334113106,-0.583560800912,0.706786127416,1.74653565286,-0.750962023231,-1.77859426555,0.616293436064,10.8725942398,-26.9638561307,5.19841011311,-1.21543417926,0.772937659997,0.543014042662,0.190694125946
1624447987838188701,869,1624447987839040907,,iri_wam_joint_1,iri_wam_joint_2,iri_wam_joint_3,iri_wam_joint_4,iri_wam_joint_5,iri_wam_joint_6,iri_wam_joint_7,-1.49632521188,0.560160913551,-0.134373268743,1.39217278616,0.0944109825121,1.28870200417,-0.0813739306099,0.237334113106,-0.583560800912,0.706786127416,1.74653565286,-0.750962023231,-1.77859426555,0.616293436064,10.8725942398,-26.9638561307,5.19841011311,-1.21543417926,0.772937659997,0.543014042662,0.190694125946
1624447987938249919,870,1624447987939076427,,iri_wam_joint_1,iri_wam_joint_2,iri_wam_joint_3,iri_wam_joint_4,iri_wam_joint_5,iri_wam_joint_6,iri_wam_joint_7,-1.47667564845,0.496901174865,-0.0561028922452,1.56696137483,0.0438845019215,1.14582039161,0.0185968200005,0.0911194633447,-0.636707329707,0.660007174058,1.53080698419,-0.710168188542,-1.57815153009,-0.1537984244,8.23733525866,-22.9825136298,4.68308763595,-0.919515742548,0.793139867179,0.430265672346,0.340192383203
1624447987938336699,871,1624447987939182400,,iri_wam_joint_1,iri_wam_joint_2,iri_wam_joint_3,iri_wam_joint_4,iri_wam_joint_5,iri_wam_joint_6,iri_wam_joint_7,-1.47667564845,0.496901174865,-0.0561028922452,1.56696137483,0.0438845019215,1.14582039161,0.0185968200005,0.0911194633447,-0.636707329707,0.660007174058,1.53080698419,-0.710168188542,-1.57815153009,-0.1537984244,8.23733525866,-22.9825136298,4.68308763595,-0.919515742548,0.793139867179,0.430265672346,0.340192383203
1624447988038335378,872,1624447988039165019,,iri_wam_joint_1,iri_wam_joint_2,iri_wam_joint_3,iri_wam_joint_4,iri_wam_joint_5,iri_wam_joint_6,iri_wam_joint_7,-1.46816570741,0.435026091403,0.0120872084919,1.70663884768,0.0028465622868,1.03757195354,0.106443676909,0.0182390810543,-0.488097177949,0.364445376839,1.31929352959,-0.394866703237,-1.10562676906,0.0,8.57542788836,-16.3949306049,5.66390951393,-0.207218456434,0.867662118185,0.214061167081,0.215187868835
1624447988039379935,873,1624447988039273432,,iri_wam_joint_1,iri_wam_joint_2,iri_wam_joint_3,iri_wam_joint_4,iri_wam_joint_5,iri_wam_joint_6,iri_wam_joint_7,-1.46816570741,0.435026091403,0.0120872084919,1.70663884768,0.0028465622868,1.03757195354,0.106443676909,0.0182390810543,-0.488097177949,0.364445376839,1.31929352959,-0.394866703237,-1.10562676906,0.0,8.57542788836,-16.3949306049,5.66390951393,-0.207218456434,0.867662118185,0.214061167081,0.215187868835
1624447988139387411,874,1624447988140236291,,iri_wam_joint_1,iri_wam_joint_2,iri_wam_joint_3,iri_wam_joint_4,iri_wam_joint_5,iri_wam_joint_6,iri_wam_joint_7,-1.46542645601,0.400762662124,0.0592501276639,1.81478449322,0.0110699644487,0.950593661441,0.144973000114,0.0,-0.230737582304,0.433243129331,0.852070156873,-0.355761251066,-0.988225697405,0.462275168833,10.9773793552,-14.3723493652,7.58746698281,0.161337099148,0.759428678645,0.271894831186,0.164365525209
1624447988139548576,875,1624447988140418522,,iri_wam_joint_1,iri_wam_joint_2,iri_wam_joint_3,iri_wam_joint_4,iri_wam_joint_5,iri_wam_joint_6,iri_wam_joint_7,-1.46538993266,0.400409710792,0.0600255334916,1.81674457979,0.0105955374009,0.949012237949,0.146822407628,0.0182738926131,-0.176593723305,0.387962276641,0.980698903566,-0.237372213324,-0.79124071108,0.925322358704,3.76984777799,-14.7106691831,2.51784783829,-3.92333236239,-0.027221531475,-0.450980596494,0.0225366636587
1624447988239583492,876,1624447988240427430,,iri_wam_joint_1,iri_wam_joint_2,iri_wam_joint_3,iri_wam_joint_4,iri_wam_joint_5,iri_wam_joint_6,iri_wam_joint_7,-1.45297199294,0.389902621147,0.107051616341,1.8990682154,0.00245120641363,0.88077381424,0.209496773376,0.201060787439,-0.0135873742115,0.479361883439,0.767686642949,-0.435286240847,-0.59357214661,1.74824821569,5.08200876705,-16.0766983371,3.65577400375,-3.8403283509,-0.0739789869042,-0.400512834044,-0.0961018836984
1624447988239900023,877,1624447988240555564,,iri_wam_joint_1,iri_wam_joint_2,iri_wam_joint_3,iri_wam_joint_4,iri_wam_joint_5,iri_wam_joint_6,iri_wam_joint_7,-1.45297199294,0.389902621147,0.107051616341,1.8990682154,0.00245120641363,0.88077381424,0.209496773376,0.201060787439,-0.0135873742115,0.479361883439,0.767686642949,-0.435286240847,-0.59357214661,1.74824821569,5.08200876705,-16.0766983371,3.65577400375,-3.8403283509,-0.0739789869042,-0.400512834044,-0.0961018836984
1624447988339717234,878,1624447988340556279,,iri_wam_joint_1,iri_wam_joint_2,iri_wam_joint_3,iri_wam_joint_4,iri_wam_joint_5,iri_wam_joint_6,iri_wam_joint_7,-1.4216714802,0.388653716435,0.156312692459,1.96715991815,-0.0200840783569,0.825977490219,0.303405577135,0.365652325516,-0.0135906174086,0.388147483599,0.597232131677,-0.514551983845,-0.356228296508,1.64580283153,4.10529212803,-17.4564712805,3.16921904448,-3.5258535294,-0.116419260689,-0.395074941079,-0.0475174536083
1624447988339819077,879,1624447988340664537,,iri_wam_joint_1,iri_wam_joint_2,iri_wam_joint_3,iri_wam_joint_4,iri_wam_joint_5,iri_wam_joint_6,iri_wam_joint_7,-1.4216714802,0.388653716435,0.156312692459,1.96715991815,-0.0200840783569,0.825977490219,0.303405577135,0.365652325516,-0.0135906174086,0.388147483599,0.597232131677,-0.514551983845,-0.356228296508,1.64580283153,4.10529212803,-17.4564712805,3.16921904448,-3.5258535294,-0.116419260689,-0.395074941079,-0.0475174536083
1624447988439817369,880,1624447988440672365,,iri_wam_joint_1,iri_wam_joint_2,iri_wam_joint_3,iri_wam_joint_4,iri_wam_joint_5,iri_wam_joint_6,iri_wam_joint_7,-1.38116708273,0.386020156498,0.193486560085,2.03576294783,-0.0659453596442,0.76113912702,0.410260233491,0.347121144153,-0.0407426773762,0.114079335125,0.852578248798,-0.870157181763,-0.711946785079,1.28486340241,-0.549131152105,-15.0390464963,-0.138542247983,-2.67878131352,-0.18353084487,-0.341603819586,0.0927464875014
1624447988439925011,881,1624447988440777224,,iri_wam_joint_1,iri_wam_joint_2,iri_wam_joint_3,iri_wam_joint_4,iri_wam_joint_5,iri_wam_joint_6,iri_wam_joint_7,-1.38116708273,0.386020156498,0.193486560085,2.03576294783,-0.0659453596442,0.76113912702,0.410260233491,0.347121144153,-0.0407426773762,0.114079335125,0.852578248798,-0.870157181763,-0.711946785079,1.28486340241,-0.549131152105,-15.0390464963,-0.138542247983,-2.67878131352,-0.18353084487,-0.341603819586,0.0927464875014
1624447988539931509,882,1624447988540781510,,iri_wam_joint_1,iri_wam_joint_2,iri_wam_joint_3,iri_wam_joint_4,iri_wam_joint_5,iri_wam_joint_6,iri_wam_joint_7,-1.36075052891,0.38737766162,0.194398802235,2.1302732086,-0.136793132116,0.662616443427,0.492867102444,0.0,0.0135889956165,-0.0228294803108,1.19432172585,-0.554066780034,-1.10813356007,-0.25712600547,-1.38822194249,-12.8186851619,-0.729182364718,-3.1313030113,0.2316902483,-0.533194899033,0.295555603762
1624447988540086180,883,1624447988540885082,,iri_wam_joint_1,iri_wam_joint_2,iri_wam_joint_3,iri_wam_joint_4,iri_wam_joint_5,iri_wam_joint_6,iri_wam_joint_7,-1.36075052891,0.38737766162,0.194398802235,2.1302732086,-0.136793132116,0.662616443427,0.492867102444,0.0,0.0135889956165,-0.0228294803108,1.19432172585,-0.554066780034,-1.10813356007,-0.25712600547,-1.38822194249,-12.8186851619,-0.729182364718,-3.1313030113,0.2316902483,-0.533194899033,0.295555603762
1624447988640102899,884,1624447988640922870,,iri_wam_joint_1,iri_wam_joint_2,iri_wam_joint_3,iri_wam_joint_4,iri_wam_joint_5,iri_wam_joint_6,iri_wam_joint_7,-1.36155404266,0.394029436718,0.18714647714,2.22699921939,-0.145095605452,0.536656062236,0.506634913936,0.0,0.122286367903,-0.0684802690627,0.81033590089,0.158285905763,-0.949715434576,0.0,0.56032504281,-11.003153352,0.590802321498,-3.26022385788,-0.0203194192311,-0.423267764161,-0.0169653829494
1624447988640195937,885,1624447988641030263,,iri_wam_joint_1,iri_wam_joint_2,iri_wam_joint_3,iri_wam_joint_4,iri_wam_joint_5,iri_wam_joint_6,iri_wam_joint_7,-1.36155404266,0.394029436718,0.18714647714,2.22699921939,-0.145095605452,0.536656062236,0.506634913936,0.0,0.122286367903,-0.0684802690627,0.81033590089,0.158285905763,-0.949715434576,0.0,0.56032504281,-11.003153352,0.590802321498,-3.26022385788,-0.0203194192311,-0.423267764161,-0.0169653829494
1624447988740147852,886,1624447988741001968,,iri_wam_joint_1,iri_wam_joint_2,iri_wam_joint_3,iri_wam_joint_4,iri_wam_joint_5,iri_wam_joint_6,iri_wam_joint_7,-1.36148099595,0.414663514573,0.191981360537,2.28452349894,-0.14114204672,0.465492005066,0.508587066312,0.0,0.258252552168,0.114174650874,0.469309827989,0.0791712924443,-0.316685169777,0.154312432025,0.963713939291,-10.2490129195,0.746794708564,-2.17323715241,-0.0539996607206,-0.503368059918,0.0374893238151
1624447988740256127,887,1624447988741130380,,iri_wam_joint_1,iri_wam_joint_2,iri_wam_joint_3,iri_wam_joint_4,iri_wam_joint_5,iri_wam_joint_6,iri_wam_joint_7,-1.36148099595,0.414663514573,0.191981360537,2.28452349894,-0.14114204672,0.465492005066,0.508587066312,0.0,0.258252552168,0.114174650874,0.469309827989,0.0791712924443,-0.316685169777,0.154312432025,0.963713939291,-10.2490129195,0.746794708564,-2.17323715241,-0.0539996607206,-0.503368059918,0.0374893238151
1624447988840277742,888,1624447988841133931,,iri_wam_joint_1,iri_wam_joint_2,iri_wam_joint_3,iri_wam_joint_4,iri_wam_joint_5,iri_wam_joint_6,iri_wam_joint_7,-1.36140794925,0.444039925414,0.202289696835,2.33412221108,-0.128965085827,0.38705339983,0.581227683662,-0.0182826162758,0.28540296558,-0.0228322049176,0.469253817746,0.75203751485,-0.75203751485,2.36584157032,0.605128110187,-12.9961051538,0.469964994212,-3.21153457176,-0.316531257942,-0.432024118111,-0.0697073491615
1624447988840377095,889,1624447988841237606,,iri_wam_joint_1,iri_wam_joint_2,iri_wam_joint_3,iri_wam_joint_4,iri_wam_joint_5,iri_wam_joint_6,iri_wam_joint_7,-1.36140794925,0.444039925414,0.202289696835,2.33412221108,-0.128965085827,0.38705339983,0.581227683662,-0.0182826162758,0.28540296558,-0.0228322049176,0.469253817746,0.75203751485,-0.75203751485,2.36584157032,0.605128110187,-12.9961051538,0.469964994212,-3.21153457176,-0.316531257942,-0.432024118111,-0.0697073491615
1624447988940446965,890,1624447988941257767,,iri_wam_joint_1,iri_wam_joint_2,iri_wam_joint_3,iri_wam_joint_4,iri_wam_joint_5,iri_wam_joint_6,iri_wam_joint_7,-1.36188275283,0.466520210234,0.200465212535,2.3414512304,-0.0813642386976,0.343564253782,0.736372425102,-0.0182804345795,0.122300960549,-0.0684884409325,0.0426543473517,0.158304794295,-0.158304794295,1.18277962516,0.329676336932,-15.9379676448,0.246865106922,-2.95850130291,-0.066511436303,-0.112959501627,0.246831074699
1624447988941679474,891,1624447988942535617,,iri_wam_joint_1,iri_wam_joint_2,iri_wam_joint_3,iri_wam_joint_4,iri_wam_joint_5,iri_wam_joint_6,iri_wam_joint_7,-1.36188275283,0.466520210234,0.200465212535,2.3414512304,-0.0813642386976,0.343564253782,0.736372425102,-0.0182804345795,0.122300960549,-0.0684884409325,0.0426543473517,0.158304794295,-0.158304794295,1.18277962516,0.329676336932,-15.9379676448,0.246865106922,-2.95850130291,-0.066511436303,-0.112959501627,0.246831074699
1624447989041451979,892,1624447989041355970,,iri_wam_joint_1,iri_wam_joint_2,iri_wam_joint_3,iri_wam_joint_4,iri_wam_joint_5,iri_wam_joint_6,iri_wam_joint_7,-1.36213841629,0.468230666688,0.199324909847,2.3414512304,-0.0683965660578,0.335024566921,0.920080238146,-0.0182847984931,-0.0271844791756,-0.0913397206993,0.0,0.0395856462221,-0.118756938666,2.98337368581,0.78160828567,-15.9772683684,0.612061514724,-2.69597837459,-0.432762644166,0.0304973306445,-0.137778854003
1624447989041764362,893,1624447989042649208,,iri_wam_joint_1,iri_wam_joint_2,iri_wam_joint_3,iri_wam_joint_4,iri_wam_joint_5,iri_wam_joint_6,iri_wam_joint_7,-1.36217493964,0.468203516586,0.199188073524,2.3414512304,-0.0672895696129,0.334550139873,0.926450419582,-0.0182564702389,-0.0135711814166,-0.0683986574918,0.0,0.55334043817,-0.237145902073,3.184182753,1.02381557093,-15.9841846005,0.809524535177,-2.64249534865,-0.7035513402,0.0688616258952,-0.407426159061
1624447989141632021,894,1624447989142487630,,iri_wam_joint_1,iri_wam_joint_2,iri_wam_joint_3,iri_wam_joint_4,iri_wam_joint_5,iri_wam_joint_6,iri_wam_joint_7,-1.36202884623,0.468312116995,0.198002158729,2.34247388426,-0.0651546478978,0.332257075809,1.07368380666,0.0,0.0542976675486,0.0,0.0852171726805,-0.0395337399033,-0.0395337399033,-0.0513700304169,-0.56372159512,-16.0565654877,-0.591947208345,-2.88782133867,0.837827604522,-0.0386899148063,1.21084411225
1624447989141868229,895,1624447989142751293,,iri_wam_joint_1,iri_wam_joint_2,iri_wam_joint_3,iri_wam_joint_4,iri_wam_joint_5,iri_wam_joint_6,iri_wam_joint_7,-1.36202884623,0.468312116995,0.198002158729,2.34247388426,-0.0651546478978,0.332257075809,1.07368380666,0.0,0.0542976675486,0.0,0.0852171726805,-0.0395337399033,-0.0395337399033,-0.0513700304169,-0.56372159512,-16.0565654877,-0.591947208345,-2.88782133867,0.837827604522,-0.0386899148063,1.21084411225
1624447989241798905,896,1624447989242631670,,iri_wam_joint_1,iri_wam_joint_2,iri_wam_joint_3,iri_wam_joint_4,iri_wam_joint_5,iri_wam_joint_6,iri_wam_joint_7,-1.36202884623,0.481181265552,0.198002158729,2.35235953822,-0.0651546478978,0.332573360508,1.07234812345,0.0,0.122155190631,-0.0228022699648,0.0852070156873,0.0,0.0,0.0,-0.0101024251086,-18.2530318934,0.0106294121778,-3.95920204313,0.378051373547,-0.429702532649,0.732184372934
1624447989241971004,897,1624447989242853570,,iri_wam_joint_1,iri_wam_joint_2,iri_wam_joint_3,iri_wam_joint_4,iri_wam_joint_5,iri_wam_joint_6,iri_wam_joint_7,-1.36202884623,0.481181265552,0.198002158729,2.35235953822,-0.0651546478978,0.332573360508,1.07234812345,0.0,0.122155190631,-0.0228022699648,0.0852070156873,0.0,0.0,0.0,-0.0101024251086,-18.2530318934,0.0106294121778,-3.95920204313,0.378051373547,-0.429702532649,0.732184372934
1624447989341914197,898,1624447989342763712,,iri_wam_joint_1,iri_wam_joint_2,iri_wam_joint_3,iri_wam_joint_4,iri_wam_joint_5,iri_wam_joint_6,iri_wam_joint_7,-1.36202884623,0.495516519641,0.197910934514,2.36088165371,-0.0651546478978,0.332573360508,1.07234812345,0.0,0.122257193057,0.0228213103907,0.0852781655275,0.0,0.0,0.0,2.98380379904,-20.5880097631,2.80167630677,-4.70461439102,-2.43496520374,-0.664421598693,-2.21906526045
1624447989342075280,899,1624447989342950898,,iri_wam_joint_1,iri_wam_joint_2,iri_wam_joint_3,iri_wam_joint_4,iri_wam_joint_5,iri_wam_joint_6,iri_wam_joint_7,-1.36202884623,0.495516519641,0.197910934514,2.36088165371,-0.0651546478978,0.332573360508,1.07234812345,0.0,0.122257193057,0.0228213103907,0.0852781655275,0.0,0.0,0.0,2.98380379904,-20.5880097631,2.80167630677,-4.70461439102,-2.43496520374,-0.664421598693,-2.21906526045
1624447989442067405,900,1624447989442894261,,iri_wam_joint_1,iri_wam_joint_2,iri_wam_joint_3,iri_wam_joint_4,iri_wam_joint_5,iri_wam_joint_6,iri_wam_joint_7,-1.36202884623,0.509580272705,0.197819710299,2.36965943266,-0.0651546478978,0.332573360508,1.07245086832,-0.0182673553273,0.135792729867,-5.55284148948e-14,0.0852476581942,0.0,0.0,0.0513884074848,5.97382422922,-22.8421504322,5.58972852708,-5.40366451687,-5.00943854416,-0.872009614962,-5.00014155857
1624447989442166043,901,1624447989443047842,,iri_wam_joint_1,iri_wam_joint_2,iri_wam_joint_3,iri_wam_joint_4,iri_wam_joint_5,iri_wam_joint_6,iri_wam_joint_7,-1.36202884623,0.509580272705,0.197819710299,2.36965943266,-0.0651546478978,0.332573360508,1.07245086832,-0.0182673553273,0.135792729867,-5.55284148948e-14,0.0852476581942,0.0,0.0,0.0513884074848,5.97382422922,-22.8421504322,5.58972852708,-5.40366451687,-5.00943854416,-0.872009614962,-5.00014155857
1624447989542200218,902,1624447989543029104,,iri_wam_joint_1,iri_wam_joint_2,iri_wam_joint_3,iri_wam_joint_4,iri_wam_joint_5,iri_wam_joint_6,iri_wam_joint_7,-1.36202884623,0.523969826998,0.197454813439,2.37775544238,-0.0652337190725,0.332494289333,1.07245086832,0.0,0.135776539008,-2.77608970614e-14,0.0852374939331,0.0,0.0,0.0513822803347,8.28599488548,-24.9459335285,7.80624261695,-5.93019656233,-5.0086562864,-0.972364500608,-5.00016301279
1624447989542280500,903,1624447989543134608,,iri_wam_joint_1,iri_wam_joint_2,iri_wam_joint_3,iri_wam_joint_4,iri_wam_joint_5,iri_wam_joint_6,iri_wam_joint_7,-1.36202884623,0.523969826998,0.197454813439,2.37775544238,-0.0652337190725,0.332494289333,1.07245086832,0.0,0.135776539008,-2.77608970614e-14,0.0852374939331,0.0,0.0,0.0513822803347,8.28599488548,-24.9459335285,7.80624261695,-5.93019656233,-5.0086562864,-0.972364500608,-5.00016301279
1624447989642322027,904,1624447989643160204,,iri_wam_joint_1,iri_wam_joint_2,iri_wam_joint_3,iri_wam_joint_4,iri_wam_joint_5,iri_wam_joint_6,iri_wam_joint_7,-1.36202884623,0.538793782931,0.196542571288,2.3850844617,-0.0652337190725,0.332494289333,1.07234812345,0.0,0.162970709505,0.0,0.0852578248798,-0.039552599171,-0.039552599171,-0.0513945360963,8.42305242298,-26.7183470725,8.14566624034,-6.19292690092,-5.00787860394,-0.857218940393,-5.00018402052
1624447989642413178,905,1624447989643262250,,iri_wam_joint_1,iri_wam_joint_2,iri_wam_joint_3,iri_wam_joint_4,iri_wam_joint_5,iri_wam_joint_6,iri_wam_joint_7,-1.36202884623,0.538793782931,0.196542571288,2.3850844617,-0.0652337190725,0.332494289333,1.07234812345,0.0,0.162970709505,0.0,0.0852578248798,-0.039552599171,-0.039552599171,-0.0513945360963,8.42305242298,-26.7183470725,8.14566624034,-6.19292690092,-5.00787860394,-0.857218940393,-5.00018402052
1624447989742457723,906,1624447989743264725,,iri_wam_joint_1,iri_wam_joint_2,iri_wam_joint_3,iri_wam_joint_4,iri_wam_joint_5,iri_wam_joint_6,iri_wam_joint_7,-1.36202884623,0.553699189171,0.195493492815,2.39258392333,-0.0652337190725,0.332494289333,1.07234812345,0.0,0.176614791513,-0.0228240330475,0.0852883394916,0.0,0.0,0.0,8.61460427593,-28.5031768591,8.4926864117,-6.45925864562,-5.00708797338,-0.763380482473,-5.00020509217
1624447989743510417,907,1624447989743372199,,iri_wam_joint_1,iri_wam_joint_2,iri_wam_joint_3,iri_wam_joint_4,iri_wam_joint_5,iri_wam_joint_6,iri_wam_joint_7,-1.36202884623,0.553699189171,0.195493492815,2.39258392333,-0.0652337190725,0.332494289333,1.07234812345,0.0,0.176614791513,-0.0228240330475,0.0852883394916,0.0,0.0,0.0,8.61460427593,-28.5031768591,8.4926864117,-6.45925864562,-5.00708797338,-0.763380482473,-5.00020509217
1624447989843486619,908,1624447989843378532,,iri_wam_joint_1,iri_wam_joint_2,iri_wam_joint_3,iri_wam_joint_4,iri_wam_joint_5,iri_wam_joint_6,iri_wam_joint_7,-1.36202884623,0.569256197869,0.193897069052,2.39854940417,-0.0652337190725,0.332494289333,1.07245086832,0.0,0.131325683456,0.0,0.0515270910782,0.0,0.0,0.0621224138918,8.79338583677,-30.2627698965,8.79581555255,-6.51329584064,-5.00632393165,-0.605840720909,-5.00022513384
1624447989843660796,909,1624447989844543574,,iri_wam_joint_1,iri_wam_joint_2,iri_wam_joint_3,iri_wam_joint_4,iri_wam_joint_5,iri_wam_joint_6,iri_wam_joint_7,-1.36202884623,0.569554848996,0.19376023273,2.39871984648,-0.0652337190725,0.332494289333,1.07245086832,0.0,0.149478951782,-0.0684884409325,0.0853086947037,0.0,0.0,0.0,8.84890446005,-30.3643551771,8.84550079841,-6.56955450779,-5.0063070675,-0.630369086546,-5.00022550497
1624447989943714092,910,1624447989944555072,,iri_wam_joint_1,iri_wam_joint_2,iri_wam_joint_3,iri_wam_joint_4,iri_wam_joint_5,iri_wam_joint_6,iri_wam_joint_7,-1.36202884623,0.585329058514,0.192528705827,2.40477054848,-0.0652337190725,0.332494289333,1.07234812345,0.0,0.149229642117,-0.0227914039795,0.0425832059575,0.0,0.0,-0.0513394311612,8.94872443203,-32.2013688397,9.08062508776,-6.60562525044,-5.00552980246,-0.480200313089,-5.00024594248
1624447989943807027,911,1624447989944675594,,iri_wam_joint_1,iri_wam_joint_2,iri_wam_joint_3,iri_wam_joint_4,iri_wam_joint_5,iri_wam_joint_6,iri_wam_joint_7,-1.36202884623,0.585329058514,0.192528705827,2.40477054848,-0.0652337190725,0.332494289333,1.07234812345,0.0,0.149229642117,-0.0227914039795,0.0425832059575,0.0,0.0,-0.0513394311612,8.94872443203,-32.2013688397,9.08062508776,-6.60562525044,-5.00552980246,-0.480200313089,-5.00024594248
1624447990043863390,912,1624447990044690898,,iri_wam_joint_1,iri_wam_joint_2,iri_wam_joint_3,iri_wam_joint_4,iri_wam_joint_5,iri_wam_joint_6,iri_wam_joint_7,-1.36202884623,0.601401919158,0.191342791031,2.4096281543,-0.0652337190725,0.332494289333,1.07245086832,0.0,0.175964005998,-0.022739931654,0.0,0.0,0.0,0.0512234856968,9.1013908086,-34.2004643064,9.34615552671,-6.61932897279,-5.00478178884,-0.401141965556,-5.00026556708
1624447990043957269,913,1624447990044801392,,iri_wam_joint_1,iri_wam_joint_2,iri_wam_joint_3,iri_wam_joint_4,iri_wam_joint_5,iri_wam_joint_6,iri_wam_joint_7,-1.36202884623,0.601401919158,0.191342791031,2.4096281543,-0.0652337190725,0.332494289333,1.07245086832,0.0,0.175964005998,-0.022739931654,0.0,0.0,0.0,0.0512234856968,9.1013908086,-34.2004643064,9.34615552671,-6.61932897279,-5.00478178884,-0.401141965556,-5.00026556708
1624447990144074962,914,1624447990144840221,,iri_wam_joint_1,iri_wam_joint_2,iri_wam_joint_3,iri_wam_joint_4,iri_wam_joint_5,iri_wam_joint_6,iri_wam_joint_7,-1.36202884623,0.617610530315,0.190567385204,2.41388921205,-0.0652337190725,0.332494289333,1.07245086832,0.0,0.162990147805,0.0,0.0426339969952,0.0395573167998,0.0395573167998,0.0514006661698,9.17150338741,-36.1471249217,9.53880047093,-6.69340026151,-5.00404880012,-0.396933384735,-5.00028496749
1624447990144185029,915,1624447990144980978,,iri_wam_joint_1,iri_wam_joint_2,iri_wam_joint_3,iri_wam_joint_4,iri_wam_joint_5,iri_wam_joint_6,iri_wam_joint_7,-1.36202884623,0.617610530315,0.190567385204,2.41388921205,-0.0652337190725,0.332494289333,1.07245086832,0.0,0.162990147805,0.0,0.0426339969952,0.0395573167998,0.0395573167998,0.0514006661698,9.17150338741,-36.1471249217,9.53880047093,-6.69340026151,-5.00404880012,-0.396933384735,-5.00028496749
1624447990244112685,916,1624447990244932707,,iri_wam_joint_1,iri_wam_joint_2,iri_wam_joint_3,iri_wam_joint_4,iri_wam_joint_5,iri_wam_joint_6,iri_wam_joint_7,-1.36202884623,0.63379199137,0.189928815698,2.41815026979,-0.0652337190725,0.332336146984,1.07234812345,0.0,0.162912422413,0.0,0.0,0.0,0.0,-0.0513761546456,9.20808886935,-36.331104015,9.70423791855,-6.63131766395,-5.00331915652,-0.341059033601,-5.00030420568
1624447990244186510,917,1624447990245070293,,iri_wam_joint_1,iri_wam_joint_2,iri_wam_joint_3,iri_wam_joint_4,iri_wam_joint_5,iri_wam_joint_6,iri_wam_joint_7,-1.36202884623,0.63379199137,0.189928815698,2.41815026979,-0.0652337190725,0.332336146984,1.07234812345,0.0,0.162912422413,0.0,0.0,0.0,0.0,-0.0513761546456,9.20808886935,-36.331104015,9.70423791855,-6.63131766395,-5.00331915652,-0.341059033601,-5.00030420568
1624447990344276674,918,1624447990345160675,,iri_wam_joint_1,iri_wam_joint_2,iri_wam_joint_3,iri_wam_joint_4,iri_wam_joint_5,iri_wam_joint_6,iri_wam_joint_7,-1.36202884623,0.650299253654,0.188925349333,2.42138867368,-0.0652337190725,0.332336146984,1.07234812345,0.0,0.162776581203,-0.0455773782024,0.0425781335089,0.0,0.0,0.0,9.34532487123,-36.5195103827,9.95869922099,-6.55225150974,-5.00260858845,-0.304345919057,-5.00032267491
1624447990344353664,919,1624447990345160675,,iri_wam_joint_1,iri_wam_joint_2,iri_wam_joint_3,iri_wam_joint_4,iri_wam_joint_5,iri_wam_joint_6,iri_wam_joint_7,-1.36202884623,0.650299253654,0.188925349333,2.42138867368,-0.0652337190725,0.332336146984,1.07234812345,0.0,0.162776581203,-0.0455773782024,0.0425781335089,0.0,0.0,0.0,9.34532487123,-36.5195103827,9.95869922099,-6.55225150974,-5.00260858845,-0.304345919057,-5.00032267491
1624447990444522639,920,1624447990445193846,,iri_wam_joint_1,iri_wam_joint_2,iri_wam_joint_3,iri_wam_joint_4,iri_wam_joint_5,iri_wam_joint_6,iri_wam_joint_7,-1.36202884623,0.66683366604,0.18805871929,2.42368964486,-0.0652337190725,0.332336146984,1.07234812345,0.0,0.162854176999,2.77476634077e-14,0.0425984305577,0.0,0.0,-0.0513577863386,9.37381539271,-36.7079080007,10.1230100254,-6.34699256434,-5.00192984941,-0.234577095536,-5.00034035563
1624447990444534934,921,1624447990445300613,,iri_wam_joint_1,iri_wam_joint_2,iri_wam_joint_3,iri_wam_joint_4,iri_wam_joint_5,iri_wam_joint_6,iri_wam_joint_7,-1.36202884623,0.66683366604,0.18805871929,2.42368964486,-0.0652337190725,0.332336146984,1.07234812345,0.0,0.162854176999,2.77476634077e-14,0.0425984305577,0.0,0.0,-0.0513577863386,9.37381539271,-36.7079080007,10.1230100254,-6.34699256434,-5.00192984941,-0.234577095536,-5.00034035563
1624447990544563250,922,1624447990545404593,,iri_wam_joint_1,iri_wam_joint_2,iri_wam_joint_3,iri_wam_joint_4,iri_wam_joint_5,iri_wam_joint_6,iri_wam_joint_7,-1.36202884623,0.683612429348,0.187237701355,2.42573495258,-0.0653127902471,0.332257075809,1.07234812345,0.0,0.176551601963,-0.022815867025,0.0,0.039552599171,-0.039552599171,-0.0513945360963,9.36166072706,-36.8956656149,10.1673114445,-5.82944159778,-5.00125328106,-0.171473192824,-5.0003578945
1624447990544637263,923,1624447990545404593,,iri_wam_joint_1,iri_wam_joint_2,iri_wam_joint_3,iri_wam_joint_4,iri_wam_joint_5,iri_wam_joint_6,iri_wam_joint_7,-1.36202884623,0.683612429348,0.187237701355,2.42573495258,-0.0653127902471,0.332257075809,1.07234812345,0.0,0.176551601963,-0.022815867025,0.0,0.039552599171,-0.039552599171,-0.0513945360963,9.36166072706,-36.8956656149,10.1673114445,-5.82944159778,-5.00125328106,-0.171473192824,-5.0003578945
1624447990645540950,924,1624447990645433738,,iri_wam_joint_1,iri_wam_joint_2,iri_wam_joint_3,iri_wam_joint_4,iri_wam_joint_5,iri_wam_joint_6,iri_wam_joint_7,-1.36202884623,0.700554093271,0.186872804495,2.42743937567,-0.0653127902471,0.332257075809,1.07234812345,0.0,0.162893002646,2.7754278657e-14,0.0,0.0,0.0,0.0,9.23998799404,-37.0817707305,10.1011556811,-5.30351215467,-5.00058117771,-0.149386571391,-5.0003755539
1624447990645741552,925,1624447990646606122,,iri_wam_joint_1,iri_wam_joint_2,iri_wam_joint_3,iri_wam_joint_4,iri_wam_joint_5,iri_wam_joint_6,iri_wam_joint_7,-1.36202884623,0.7008798945,0.186872804495,2.42752459683,-0.0653127902471,0.332257075809,1.07234812345,0.0,0.162854176999,-5.54953268154e-14,0.0425984305577,0.0,0.0,0.0,9.23621195118,-37.0850485732,10.0997691581,-5.33261003805,-5.00056638374,-0.163518357654,-5.00037593925
1624447990745750570,926,1624447990746588032,,iri_wam_joint_1,iri_wam_joint_2,iri_wam_joint_3,iri_wam_joint_4,iri_wam_joint_5,iri_wam_joint_6,iri_wam_joint_7,-1.36202884623,0.71790300873,0.186553519742,2.42854725069,-0.0653127902471,0.332257075809,1.07245086832,0.0,0.16295127584,-0.0456262926317,0.0,0.0,0.0,0.0513884074848,9.18105623326,-37.270208394,10.0879091261,-4.76304067078,-4.99991569411,-0.119550396519,-5.00039299546
1624447990745838924,927,1624447990746716404,,iri_wam_joint_1,iri_wam_joint_2,iri_wam_joint_3,iri_wam_joint_4,iri_wam_joint_5,iri_wam_joint_6,iri_wam_joint_7,-1.36202884623,0.71790300873,0.186553519742,2.42854725069,-0.0653127902471,0.332257075809,1.07245086832,0.0,0.16295127584,-0.0456262926317,0.0,0.0,0.0,0.0513884074848,9.18105623326,-37.270208394,10.0879091261,-4.76304067078,-4.99991569411,-0.119550396519,-5.00039299546
1624447990846097088,928,1624447990846734495,,iri_wam_joint_1,iri_wam_joint_2,iri_wam_joint_3,iri_wam_joint_4,iri_wam_joint_5,iri_wam_joint_6,iri_wam_joint_7,-1.36202884623,0.735224774087,0.186188622882,2.42888813531,-0.0653918614217,0.332178004634,1.07245086832,0.0,0.162834771115,5.54887139309e-14,0.0,-0.0395196072508,-0.0395196072509,0.051351666488,9.04232544906,-37.4568248928,10.0012313367,-4.21367422602,-4.99928122156,-0.0770382133065,-5.00040959544
1624447990846149660,929,1624447990846839737,,iri_wam_joint_1,iri_wam_joint_2,iri_wam_joint_3,iri_wam_joint_4,iri_wam_joint_5,iri_wam_joint_6,iri_wam_joint_7,-1.36202884623,0.735224774087,0.186188622882,2.42888813531,-0.0653918614217,0.332178004634,1.07245086832,0.0,0.162834771115,5.54887139309e-14,0.0,-0.0395196072508,-0.0395196072509,0.051351666488,9.04232544906,-37.4568248928,10.0012313367,-4.21367422602,-4.99928122156,-0.0770382133065,-5.00040959544
