%time,field.position.x,field.position.y,field.position.z,field.orientation.x,field.orientation.y,field.orientation.z,field.orientation.w
1624444971021115741,0.00447696447372,-1.38097143173,0.0408717095852,-0.714089605583,-0.0043209405444,0.0148275652462,0.700439475729
1624444971071084145,0.00447696447372,-1.38097143173,0.0408717095852,-0.714089605583,-0.0043209405444,0.0148275652462,0.700439475729
1624444971121113447,0.00454894406721,-1.3812674284,0.0415447503328,-0.714207977924,-0.00836408539354,0.0136855997763,0.700507655302
1624444971171006616,0.00454894406721,-1.3812674284,0.0415447503328,-0.714207977924,-0.00836408539354,0.0136855997763,0.700507655302
1624444971221092578,0.00295953918248,-1.38278269768,0.0481251180172,-0.717035603285,-0.00719619711028,0.0176781473157,0.697967612693
1624444971270943589,0.00295953918248,-1.38278269768,0.0481251180172,-0.717035603285,-0.00719619711028,0.0176781473157,0.697967612693
1624444971321141523,0.00539200473577,-1.38360953331,0.0514577627182,-0.718552073349,-0.0067332158736,0.0203896030331,0.69665368526
1624444971371070101,0.00539200473577,-1.38360953331,0.0514577627182,-0.718552073349,-0.0067332158736,0.0203896030331,0.69665368526
1624444971421182809,0.00342107983306,-1.38340425491,0.0516387820244,-0.718407648593,-0.00731175068779,0.0172877786915,0.696692142744
1624444971470978220,0.00342107983306,-1.38340425491,0.0516387820244,-0.718407648593,-0.00731175068779,0.0172877786915,0.696692142744
1624444971521256863,0.00163387088105,-1.38321089745,0.0500384569168,-0.717758256713,-0.00760855474838,0.0163306935336,0.697370390742
1624444971571027589,0.00213253777474,-1.38313806057,0.0502630770206,-0.717781192922,-0.00731691910018,0.016039403414,0.69724995331
1624444971620981805,0.00213253777474,-1.38313806057,0.0502630770206,-0.717781192922,-0.00731691910018,0.016039403414,0.69724995331
1624444971671151379,0.0012857747497,-1.38300144672,0.0504214167595,-0.71775057391,-0.00654123987644,0.0148305539688,0.697172571432
1624444971721036994,0.000628560082987,-1.38289391994,0.0505299717188,-0.717725957878,-0.00600479873012,0.0138364467338,0.697115055424
1624444971771027629,0.000628560082987,-1.38289391994,0.0505299717188,-0.717725957878,-0.00600479873012,0.0138364467338,0.697115055424
1624444971821081791,0.000102276302641,-1.38280749321,0.0506074428558,-0.717707050765,-0.00557560502486,0.0130412690097,0.697068766645
1624444971871173193,-0.000301272113575,-1.38279211521,0.0507302731276,-0.717720341443,-0.00592433005829,0.0124102940312,0.697042944556
1624444971921010855,-0.000301272113575,-1.38279211521,0.0507302731276,-0.717720341443,-0.00592433005829,0.0124102940312,0.697042944556
1624444971971059920,-0.000662811333314,-1.38272750378,0.0508032143116,-0.717706942209,-0.00552311089186,0.0119071123195,0.697007789745
1624444972021029988,-0.000303791690385,-1.38260877132,0.0500345230103,-0.717435152071,-0.00551512234023,0.0121279773331,0.697275538334
1624444972071000218,-0.000303791690385,-1.38260877132,0.0500345230103,-0.717435152071,-0.00551512234023,0.0121279773331,0.697275538334
1624444972121045315,4.02502773795e-05,-1.38249886036,0.0493807941675,-0.717199380211,-0.00542896441433,0.0123189235969,0.697502308767
1624444972170985360,4.02502773795e-05,-1.38249886036,0.0493807941675,-0.717199380211,-0.00542896441433,0.0123189235969,0.697502308767
1624444972221073576,4.02502773795e-05,-1.38249886036,0.0493807941675,-0.717199380211,-0.00542896441433,0.0123189235969,0.697502308767
1624444972271008669,4.02502773795e-05,-1.38249886036,0.0493807941675,-0.717199380211,-0.00542896441433,0.0123189235969,0.697502308767
1624444972321053502,-0.00108359858859,-1.38252139091,0.0495399534702,-0.717237329472,-0.00525337850228,0.0117858684828,0.697457675104
1624444972371025464,-0.00108359858859,-1.38252139091,0.0495399534702,-0.717237329472,-0.00525337850228,0.0117858684828,0.697457675104
1624444972421085331,-0.00108359858859,-1.38252139091,0.0495399534702,-0.717237329472,-0.00525337850228,0.0117858684828,0.697457675104
1624444972470972696,-0.00108359858859,-1.38252139091,0.0495399534702,-0.717237329472,-0.00525337850228,0.0117858684828,0.697457675104
1624444972521061503,-0.0013073812006,-1.38249051571,0.0496429800987,-0.717257970472,-0.00499475444242,0.0114478156721,0.697405319285
1624444972571038502,-0.00147378072143,-1.38256680965,0.0503802448511,-0.717507474132,-0.00477902831901,0.0111945002732,0.69712720961
1624444972620964074,-0.00147378072143,-1.38256680965,0.0503802448511,-0.717507474132,-0.00477902831901,0.0111945002732,0.69712720961
1624444972671049046,-0.00109933398198,-1.38256049156,0.0504470765591,-0.717520887478,-0.00475666078464,0.0112309369346,0.697092994589
1624444972721261010,-0.00109933398198,-1.38256049156,0.0504470765591,-0.717520887478,-0.00475666078464,0.0112309369346,0.697092994589
1624444972771115077,-0.00109933398198,-1.38256049156,0.0504470765591,-0.717520887478,-0.00475666078464,0.0112309369346,0.697092994589
1624444972821268635,-0.00126192951575,-1.38262474537,0.0510456115007,-0.717729931093,-0.00457579742991,0.0110153321134,0.696860604835
1624444972871681128,-0.00126192951575,-1.38262474537,0.0510456115007,-0.717729931093,-0.00457579742991,0.0110153321134,0.696860604835
1624444972921071914,-0.00140314735472,-1.38267767429,0.0515894144773,-0.717913627686,-0.0044382074389,0.0107337206386,0.696652779876
1624444972971138639,-0.00108718289994,-1.38266766071,0.0515671819448,-0.717905752167,-0.00443502892691,0.0107866309563,0.696646266362
1624444973020963069,-0.00108718289994,-1.38266766071,0.0515671819448,-0.717905752167,-0.00443502892691,0.0107866309563,0.696646266362
1624444973071102484,-0.00108718289994,-1.38266766071,0.0515671819448,-0.717905752167,-0.00443502892691,0.0107866309563,0.696646266362
1624444973121048467,-0.00108718289994,-1.38266766071,0.0515671819448,-0.717905752167,-0.00443502892691,0.0107866309563,0.696646266362
1624444973171123119,-0.00108718289994,-1.38266766071,0.0515671819448,-0.717905752167,-0.00443502892691,0.0107866309563,0.696646266362
1624444973221199011,-0.000822380010504,-1.38258743286,0.0510865151882,-0.717727262313,-0.00442764043272,0.0108580506966,0.696820136482
1624444973270984861,-0.000822380010504,-1.38258743286,0.0510865151882,-0.717727262313,-0.00442764043272,0.0108580506966,0.696820136482
1624444973320973566,-0.000822380010504,-1.38258743286,0.0510865151882,-0.717727262313,-0.00442764043272,0.0108580506966,0.696820136482
1624444973371138751,-0.000987943378277,-1.38256180286,0.0511047244072,-0.717719711704,-0.0042927968283,0.0106417178677,0.69681197891
1624444973421097280,-0.00113617558964,-1.38256752491,0.0511380583048,-0.71772615094,-0.00453107069855,0.0104533565379,0.696810751624
1624444973470993391,-0.00113617558964,-1.38256752491,0.0511380583048,-0.71772615094,-0.00453107069855,0.0104533565379,0.696810751624
1624444973521090788,-0.000905304274056,-1.38253211975,0.0507868528366,-0.717591225083,-0.00484662664085,0.0105386627994,0.696962037366
1624444973571115934,-0.00145095505286,-1.38262522221,0.0512923598289,-0.717747670288,-0.00492657111918,0.01021631196,0.696807797508
1624444973620958385,-0.00145095505286,-1.38262522221,0.0512923598289,-0.717747670288,-0.00492657111918,0.01021631196,0.696807797508
1624444973671163045,-0.00165716581978,-1.38261127472,0.050930544734,-0.717618759549,-0.00508193164335,0.0101751472434,0.696952239504
1624444973721075260,-0.0014158327831,-1.38261294365,0.0509552955627,-0.717629401411,-0.00505830560741,0.0103222256919,0.696936422459
1624444973770978874,-0.0014158327831,-1.38261294365,0.0509552955627,-0.717629401411,-0.00505830560741,0.0103222256919,0.696936422459
1624444973821124167,-0.00121002190281,-1.3825814724,0.0506531298161,-0.71751629185,-0.00531208134296,0.0104000572136,0.69706244507
1624444973871110843,-0.0013279162813,-1.38259077072,0.0506861954927,-0.717531806267,-0.00545079322018,0.0103156598186,0.697052108172
1624444973921092856,-0.0013279162813,-1.38259077072,0.0506861954927,-0.717531806267,-0.00545079322018,0.0103156598186,0.697052108172
1624444973971117687,-0.00143597438,-1.38257217407,0.0507084727287,-0.717532477114,-0.00533018464747,0.0101728438297,0.697038954601
1624444974021051414,-0.00143597438,-1.38257217407,0.0507084727287,-0.717532477114,-0.00533018464747,0.0101728438297,0.697038954601
1624444974071115857,-0.00124352646526,-1.38251984119,0.0503979325294,-0.717421260766,-0.0052972053688,0.010240999337,0.697146180418
1624444974121048240,-0.00124352646526,-1.38251984119,0.0503979325294,-0.717421260766,-0.0052972053688,0.010240999337,0.697146180418
1624444974171029536,-0.00124352646526,-1.38251984119,0.0503979325294,-0.717421260766,-0.0052972053688,0.010240999337,0.697146180418
1624444974221048287,-0.00120182137471,-1.38261187077,0.0507443547249,-0.717577380621,-0.00528393088156,0.0106864524694,0.697016268375
1624444974271014074,-0.00120182137471,-1.38261187077,0.0507443547249,-0.717577380621,-0.00528393088156,0.0106864524694,0.697016268375
1624444974321133336,-0.00120182137471,-1.38261187077,0.0507443547249,-0.717577380621,-0.00528393088156,0.0106864524694,0.697016268375
1624444974371065506,-0.0016419790918,-1.38262403011,0.050781622529,-0.717584277521,-0.00532625920471,0.0104503615853,0.697012850145
1624444974420985742,-0.0016419790918,-1.38262403011,0.050781622529,-0.717584277521,-0.00532625920471,0.0104503615853,0.697012850145
1624444974471130909,-0.00179732905235,-1.38264524937,0.0508101284504,-0.717597776752,-0.00534407390923,0.0104650939135,0.697003725096
1624444974521060547,-0.00162258173805,-1.38260281086,0.0505386143923,-0.717501990151,-0.00531552721755,0.0105854720849,0.697099765784
1624444974570983171,-0.00162258173805,-1.38260281086,0.0505386143923,-0.717501990151,-0.00531552721755,0.0105854720849,0.697099765784
1624444974621046220,-0.00143819826189,-1.3826084137,0.0504501760006,-0.71747252706,-0.00554849503701,0.0106659801888,0.697141352099
1624444974671032372,-0.00143819826189,-1.3826084137,0.0504501760006,-0.71747252706,-0.00554849503701,0.0106659801888,0.697141352099
1624444974721097521,-0.00152499973774,-1.38259494305,0.050469905138,-0.717476642367,-0.00543432004388,0.0105863578,0.697127799763
1624444974770974511,-0.00152499973774,-1.38259494305,0.050469905138,-0.717476642367,-0.00543432004388,0.0105863578,0.697127799763
1624444974821071026,-0.00189905636944,-1.38264167309,0.0507773905993,-0.717582013361,-0.00537478374454,0.0103995342151,0.697018704183
1624444974871046411,-0.0020801005885,-1.38278245926,0.0513552427292,-0.717829121573,-0.00530076507027,0.0108151739057,0.696815212012
1624444974921001264,-0.0020801005885,-1.38278245926,0.0513552427292,-0.717829121573,-0.00530076507027,0.0108151739057,0.696815212012
1624444974970966627,-0.0020801005885,-1.38278245926,0.0513552427292,-0.717829121573,-0.00530076507027,0.0108151739057,0.696815212012
1624444975021132697,-0.00214287918061,-1.3827637434,0.0513588637114,-0.717822740883,-0.00519849652791,0.0107067949463,0.696810403787
1624444975070989358,-0.00214287918061,-1.3827637434,0.0513588637114,-0.717822740883,-0.00519849652791,0.0107067949463,0.696810403787
1624444975121113816,-0.00220196484588,-1.38276350498,0.0513768196106,-0.717825565194,-0.00529504609586,0.0106267128506,0.69680882465
1624444975171049970,-0.00220196484588,-1.38276350498,0.0513768196106,-0.717825565194,-0.00529504609586,0.0106267128506,0.69680882465
1624444975221079223,-0.00204879255034,-1.38274729252,0.0511528849602,-0.717750301203,-0.00546048380373,0.0107289345312,0.696896674478
1624444975271205396,-0.00182912743185,-1.38269948959,0.0509111136198,-0.717658834541,-0.00542944545312,0.0106520257258,0.696978061613
1624444975321148049,-0.00182912743185,-1.38269948959,0.0509111136198,-0.717658834541,-0.00542944545312,0.0106520257258,0.696978061613
1624444975371170805,-0.00182912743185,-1.38269948959,0.0509111136198,-0.717658834541,-0.00542944545312,0.0106520257258,0.696978061613
1624444975421126192,-0.00182912743185,-1.38269948959,0.0509111136198,-0.717658834541,-0.00542944545312,0.0106520257258,0.696978061613
1624444975471243095,-0.00168909539934,-1.38266456127,0.0506880134344,-0.717580926054,-0.0054046570353,0.0107441300988,0.697055436024
1624444975521104789,-0.00168909539934,-1.38266456127,0.0506880134344,-0.717580926054,-0.0054046570353,0.0107441300988,0.697055436024
1624444975570975024,-0.00168909539934,-1.38266456127,0.0506880134344,-0.717580926054,-0.0054046570353,0.0107441300988,0.697055436024
1624444975621103979,-0.00168909539934,-1.38266456127,0.0506880134344,-0.717580926054,-0.0054046570353,0.0107441300988,0.697055436024
1624444975670980662,-0.00168909539934,-1.38266456127,0.0506880134344,-0.717580926054,-0.0054046570353,0.0107441300988,0.697055436024
1624444975721076989,-0.00168909539934,-1.38266456127,0.0506880134344,-0.717580926054,-0.0054046570353,0.0107441300988,0.697055436024
1624444975771063099,-0.00179344369099,-1.38268351555,0.0507106035948,-0.717592656351,-0.00544099580426,0.0107496345872,0.697048028417
1624444975820973149,-0.00179344369099,-1.38268351555,0.0507106035948,-0.717592656351,-0.00544099580426,0.0107496345872,0.697048028417
1624444975871062514,-0.00208461773582,-1.38272368908,0.0509660840034,-0.717679204642,-0.00541275642742,0.0106031338992,0.696959524858
1624444975920974951,-0.00208461773582,-1.38272368908,0.0509660840034,-0.717679204642,-0.00541275642742,0.0106031338992,0.696959524858
1624444975971134206,-0.00193146208767,-1.3827098608,0.0507675111294,-0.717612331686,-0.00561078208146,0.0106442984009,0.697036890638
1624444976020978019,-0.00193146208767,-1.3827098608,0.0507675111294,-0.717612331686,-0.00561078208146,0.0106442984009,0.697036890638
1624444976071045984,-0.00193146208767,-1.3827098608,0.0507675111294,-0.717612331686,-0.00561078208146,0.0106442984009,0.697036890638
1624444976120997188,-0.00193146208767,-1.3827098608,0.0507675111294,-0.717612331686,-0.00561078208146,0.0106442984009,0.697036890638
1624444976171050936,-0.00198701513,-1.38271307945,0.0507972091436,-0.71761878787,-0.00573111455688,0.0105527924236,0.69703236386
1624444976220969654,-0.00198701513,-1.38271307945,0.0507972091436,-0.71761878787,-0.00573111455688,0.0105527924236,0.69703236386
1624444976271067237,-0.00186091498472,-1.38270020485,0.0506166815758,-0.717558100167,-0.00586464079562,0.0106420767578,0.697103401688
1624444976320970637,-0.00186091498472,-1.38270020485,0.0506166815758,-0.717558100167,-0.00586464079562,0.0106420767578,0.697103401688
1624444976371048890,-0.00186091498472,-1.38270020485,0.0506166815758,-0.717558100167,-0.00586464079562,0.0106420767578,0.697103401688
1624444976421015294,-0.00186091498472,-1.38270020485,0.0506166815758,-0.717558100167,-0.00586464079562,0.0106420767578,0.697103401688
1624444976471076188,-0.00186091498472,-1.38270020485,0.0506166815758,-0.717558100167,-0.00586464079562,0.0106420767578,0.697103401688
1624444976521060103,-0.00191521726083,-1.38268661499,0.0506328642368,-0.717557858646,-0.00578322169508,0.0105488726874,0.697094332935
1624444976571022076,-0.00191521726083,-1.38268661499,0.0506328642368,-0.717557858646,-0.00578322169508,0.0105488726874,0.697094332935
1624444976621128665,-0.00191521726083,-1.38268661499,0.0506328642368,-0.717557858646,-0.00578322169508,0.0105488726874,0.697094332935
1624444976671067567,-0.0017901485553,-1.38265585899,0.0504567921162,-0.717492342137,-0.00575495111309,0.0106305206045,0.697159066793
1624444976721048521,-0.00167089723982,-1.38262486458,0.0502758473158,-0.717429291983,-0.00572775162165,0.0107091080059,0.6972213325
1624444976770966954,-0.00167089723982,-1.38262486458,0.0502758473158,-0.717429291983,-0.00572775162165,0.0107091080059,0.6972213325
1624444976821079652,-0.00156470853835,-1.38259637356,0.0501050204039,-0.717368494416,-0.00570133179447,0.0107846108714,0.697281295002
1624444976871044176,-0.00145477266051,-1.38258326054,0.0499599575996,-0.717315000331,-0.00584999354161,0.0108177939158,0.697342019945
1624444976921047471,-0.00145477266051,-1.38258326054,0.0499599575996,-0.717315000331,-0.00584999354161,0.0108177939158,0.697342019945
1624444976971065747,-0.00133233156521,-1.38259458542,0.0500145256519,-0.717329414926,-0.00597068596418,0.0108401863085,0.697329378018
1624444977021004075,-0.00133233156521,-1.38259458542,0.0500145256519,-0.717329414926,-0.00597068596418,0.0108401863085,0.697329378018
1624444977071082960,-0.00138967682142,-1.38259637356,0.0500490665436,-0.717338774688,-0.0060415971909,0.0107572884462,0.697319739243
1624444977120950571,-0.00138967682142,-1.38259637356,0.0500490665436,-0.717338774688,-0.0060415971909,0.0107572884462,0.697319739243
1624444977171136189,-0.00127692334354,-1.38261306286,0.0500926375389,-0.717356052803,-0.006154719693,0.0108220784201,0.697307804445
1624444977221102282,-0.00132620846853,-1.38261139393,0.0501420497894,-0.717364106484,-0.00618650885307,0.0107499071611,0.697297857178
1624444977271001561,-0.00132620846853,-1.38261139393,0.0501420497894,-0.717364106484,-0.00618650885307,0.0107499071611,0.697297857178
1624444977321144580,-0.00137285294477,-1.382609725,0.0501932948828,-0.717371469594,-0.00622740431422,0.0106720454062,0.697288747546
1624444977371140526,-0.00143417925574,-1.38260006905,0.0502095967531,-0.71737426493,-0.00615333603316,0.0105936598052,0.697278137188
1624444977421199776,-0.00143417925574,-1.38260006905,0.0502095967531,-0.71737426493,-0.00615333603316,0.0105936598052,0.697278137188
1624444977471228287,-0.00148565310519,-1.38259065151,0.0502289682627,-0.717377012865,-0.00608173152505,0.0105178032232,0.697267905333
1624444977521170328,-0.00148565310519,-1.38259065151,0.0502289682627,-0.717377012865,-0.00608173152505,0.0105178032232,0.697267905333
1624444977571236163,-0.00153619144112,-1.38258171082,0.0502453893423,-0.717380038648,-0.00600284375112,0.0104520760829,0.697257611218
1624444977621172034,-0.00153619144112,-1.38258171082,0.0502453893423,-0.717380038648,-0.00600284375112,0.0104520760829,0.697257611218
1624444977671146439,-0.00163381989114,-1.38257002831,0.0500985234976,-0.717331784703,-0.00599946376901,0.0104678836186,0.69731066362
1624444977721085819,-0.00153842940927,-1.38254714012,0.049961566925,-0.71728277253,-0.0059735477051,0.0105344740547,0.697359100522
1624444977770971317,-0.00153842940927,-1.38254714012,0.049961566925,-0.71728277253,-0.0059735477051,0.0105344740547,0.697359100522
1624444977821010310,-0.00153842940927,-1.38254714012,0.049961566925,-0.71728277253,-0.0059735477051,0.0105344740547,0.697359100522
1624444977871055602,-0.00143423525151,-1.38254547119,0.0500004440546,-0.717289852743,-0.00594937857613,0.0105544868014,0.697346275605
1624444977921001782,-0.00143423525151,-1.38254547119,0.0500004440546,-0.717289852743,-0.00594937857613,0.0105544868014,0.697346275605
1624444977971102043,-0.00165372528136,-1.38257420063,0.050185546279,-0.717354526644,-0.00590477860038,0.0104541539338,0.697279458817
1624444978021066911,-0.00185376859736,-1.38257157803,0.0502079129219,-0.717356865298,-0.00585613790156,0.0102905875317,0.697272075629
1624444978070976867,-0.00185376859736,-1.38257157803,0.0502079129219,-0.717356865298,-0.00585613790156,0.0102905875317,0.697272075629
1624444978121104921,-0.00176462007221,-1.38256418705,0.0500788986683,-0.717316585572,-0.00595108925954,0.0103590529604,0.697320037744
1624444978170940303,-0.00176462007221,-1.38256418705,0.0500788986683,-0.717316585572,-0.00595108925954,0.0103590529604,0.697320037744
1624444978221097622,-0.00176462007221,-1.38256418705,0.0500788986683,-0.717316585572,-0.00595108925954,0.0103590529604,0.697320037744
1624444978271196287,-0.00176462007221,-1.38256418705,0.0500788986683,-0.717316585572,-0.00595108925954,0.0103590529604,0.697320037744
1624444978321098450,-0.00178243941627,-1.38263058662,0.0501142293215,-0.717372476465,-0.00598612788769,0.0107357695539,0.697310410191
1624444978371151959,-0.00157900573686,-1.38267421722,0.0502758622169,-0.717448391668,-0.00597582162463,0.0109524782852,0.697247135294
1624444978420997994,-0.00157900573686,-1.38267421722,0.0502758622169,-0.717448391668,-0.00597582162463,0.0109524782852,0.697247135294
1624444978471073152,-0.00162283645477,-1.38266634941,0.0502900183201,-0.717450885151,-0.00590963522485,0.0109064897902,0.697238481151
1624444978520971721,-0.00162283645477,-1.38266634941,0.0502900183201,-0.717450885151,-0.00590963522485,0.0109064897902,0.697238481151
1624444978571066603,-0.00162283645477,-1.38266634941,0.0502900183201,-0.717450885151,-0.00590963522485,0.0109064897902,0.697238481151
1624444978621066925,-0.00162283645477,-1.38266634941,0.0502900183201,-0.717450885151,-0.00590963522485,0.0109064897902,0.697238481151
1624444978670981846,-0.00162283645477,-1.38266634941,0.0502900183201,-0.717450885151,-0.00590963522485,0.0109064897902,0.697238481151
1624444978721058214,-0.00162283645477,-1.38266634941,0.0502900183201,-0.717450885151,-0.00590963522485,0.0109064897902,0.697238481151
1624444978771172706,-0.00142698152922,-1.38270819187,0.0504453629255,-0.717523642122,-0.00590069901654,0.011114927425,0.697177874095
1624444978820972677,-0.00142698152922,-1.38270819187,0.0504453629255,-0.717523642122,-0.00590069901654,0.011114927425,0.697177874095
1624444978871101733,-0.00142698152922,-1.38270819187,0.0504453629255,-0.717523642122,-0.00590069901654,0.011114927425,0.697177874095
1624444978921002407,-0.00142698152922,-1.38270819187,0.0504453629255,-0.717523642122,-0.00590069901654,0.011114927425,0.697177874095
1624444978971009149,-0.00142698152922,-1.38270819187,0.0504453629255,-0.717523642122,-0.00590069901654,0.011114927425,0.697177874095
1624444979021065869,-0.00146840256639,-1.38270759583,0.0504738539457,-0.717528234875,-0.00595627439352,0.0110473843988,0.697172539372
1624444979071125733,-0.00154303526506,-1.38271653652,0.0504903197289,-0.717535326084,-0.00595618487239,0.0110462981026,0.697166189348
1624444979120979450,-0.00154303526506,-1.38271653652,0.0504903197289,-0.717535326084,-0.00595618487239,0.0110462981026,0.697166189348
1624444979171074537,-0.0014490056783,-1.38269138336,0.0503657460213,-0.717487327173,-0.00593295095469,0.0110464664124,0.697209630449
1624444979220966430,-0.0014490056783,-1.38269138336,0.0503657460213,-0.717487327173,-0.00593295095469,0.0110464664124,0.697209630449
1624444979271302369,-0.0014490056783,-1.38269138336,0.0503657460213,-0.717487327173,-0.00593295095469,0.0110464664124,0.697209630449
1624444979321264839,-0.0014490056783,-1.38269138336,0.0503657460213,-0.717487327173,-0.00593295095469,0.0110464664124,0.697209630449
1624444979371338044,-0.0014490056783,-1.38269138336,0.0503657460213,-0.717487327173,-0.00593295095469,0.0110464664124,0.697209630449
1624444979421096324,-0.0013638593955,-1.3826918602,0.0503790229559,-0.717493138993,-0.00592813705812,0.0110886020782,0.697201075358
1624444979470975974,-0.0013638593955,-1.3826918602,0.0503790229559,-0.717493138993,-0.00592813705812,0.0110886020782,0.697201075358
1624444979521019288,-0.0013638593955,-1.3826918602,0.0503790229559,-0.717493138993,-0.00592813705812,0.0110886020782,0.697201075358
1624444979571138983,-0.0013638593955,-1.3826918602,0.0503790229559,-0.717493138993,-0.00592813705812,0.0110886020782,0.697201075358
1624444979620965780,-0.0013638593955,-1.3826918602,0.0503790229559,-0.717493138993,-0.00592813705812,0.0110886020782,0.697201075358
1624444979671067769,-0.00142070627771,-1.38268744946,0.0503335744143,-0.71747425883,-0.0059407905418,0.0110588098774,0.697220169717
1624444979720977582,-0.00142070627771,-1.38268744946,0.0503335744143,-0.71747425883,-0.0059407905418,0.0110588098774,0.697220169717
1624444979771081286,-0.00146006105933,-1.38268733025,0.0503601133823,-0.717479547992,-0.00598460981314,0.0110023980465,0.697214199155
1624444979820964383,-0.00146006105933,-1.38268733025,0.0503601133823,-0.717479547992,-0.00598460981314,0.0110023980465,0.697214199155
1624444979871155491,-0.00137506448664,-1.38269400597,0.0503863990307,-0.717487543147,-0.00606742393275,0.0110157827087,0.697206969893
1624444979920974662,-0.00137506448664,-1.38269400597,0.0503863990307,-0.717487543147,-0.00606742393275,0.0110157827087,0.697206969893
1624444979972840679,-0.00141514220741,-1.38269579411,0.050409719348,-0.717493645768,-0.00610948975,0.0109769121855,0.697201413649
1624444980021323622,-0.00141514220741,-1.38269579411,0.050409719348,-0.717493645768,-0.00610948975,0.0109769121855,0.697201413649
1624444980071359706,-0.00141514220741,-1.38269579411,0.050409719348,-0.717493645768,-0.00610948975,0.0109769121855,0.697201413649
1624444980121336767,-0.00134275853634,-1.38267636299,0.0502918958664,-0.717452848668,-0.00608754796522,0.011023453686,0.697241142255
1624444980171327971,-0.00134275853634,-1.38267636299,0.0502918958664,-0.717452848668,-0.00608754796522,0.011023453686,0.697241142255
1624444980221340583,-0.00132415082771,-1.38271784782,0.0504294484854,-0.717519091137,-0.00608714518974,0.0112151506035,0.697188650953
1624444980271378318,-0.00139424297959,-1.38271081448,0.0503202825785,-0.717481819696,-0.00611000750448,0.0112183618516,0.697230683448
1624444980321338802,-0.00139424297959,-1.38271081448,0.0503202825785,-0.717481819696,-0.00611000750448,0.0112183618516,0.697230683448
1624444980371364346,-0.0015685793478,-1.38271355629,0.0503399223089,-0.717485640841,-0.00608438462456,0.0111376514083,0.69722618097
1624444980421341768,-0.0015685793478,-1.38271355629,0.0503399223089,-0.717485640841,-0.00608438462456,0.0111376514083,0.69722618097
1624444980471370938,-0.00149696855806,-1.38269460201,0.0502398461103,-0.717446862566,-0.00606373563469,0.0111801513882,0.697263741691
1624444980521348454,-0.00149696855806,-1.38269460201,0.0502398461103,-0.717446862566,-0.00606373563469,0.0111801513882,0.697263741691
1624444980571458794,-0.00142974767368,-1.38268697262,0.0501417219639,-0.717413893424,-0.006136594248,0.0112242056489,0.697301891396
1624444980621369688,-0.00142974767368,-1.38268697262,0.0501417219639,-0.717413893424,-0.006136594248,0.0112242056489,0.697301891396
1624444980671400731,-0.00142974767368,-1.38268697262,0.0501417219639,-0.717413893424,-0.006136594248,0.0112242056489,0.697301891396
1624444980721402203,-0.00142974767368,-1.38268697262,0.0501417219639,-0.717413893424,-0.006136594248,0.0112242056489,0.697301891396
1624444980771382761,-0.00135487841908,-1.38269865513,0.0501657128334,-0.71742482383,-0.00622301022541,0.0112615416057,0.697294923156
1624444980821402231,-0.00135487841908,-1.38269865513,0.0501657128334,-0.71742482383,-0.00622301022541,0.0112615416057,0.697294923156
1624444980871389783,-0.00128111953381,-1.38270998001,0.0501944422722,-0.717435440989,-0.00630748683346,0.0112980401237,0.697288093419
1624444980921377751,-0.00128111953381,-1.38270998001,0.0501944422722,-0.717435440989,-0.00630748683346,0.0112980401237,0.697288093419
1624444980971422488,-0.00128111953381,-1.38270998001,0.0501944422722,-0.717435440989,-0.00630748683346,0.0112980401237,0.697288093419
1624444981021387943,-0.00128111953381,-1.38270998001,0.0501944422722,-0.717435440989,-0.00630748683346,0.0112980401237,0.697288093419
1624444981071585870,-0.00121821032371,-1.38270246983,0.0501025766134,-0.717403723515,-0.00637520129732,0.0113393022013,0.697324695877
1624444981121517424,-0.00125147006474,-1.38270294666,0.0501315891743,-0.717409768263,-0.00640265793964,0.0113009567487,0.697318321863
1624444981171475560,-0.00125147006474,-1.38270294666,0.0501315891743,-0.717409768263,-0.00640265793964,0.0113009567487,0.697318321863
1624444981221511087,-0.00118435255717,-1.38269090652,0.0500437319279,-0.717376207045,-0.00646152164423,0.0113145550667,0.697353728122
1624444981271406407,-0.00133680074941,-1.38271212578,0.0501832664013,-0.717422548926,-0.00644626390187,0.0112291180867,0.697305857809
1624444981321646895,-0.00133680074941,-1.38271212578,0.0501832664013,-0.717422548926,-0.00644626390187,0.0112291180867,0.697305857809
1624444981371492331,-0.00137184397317,-1.3827047348,0.0501928627491,-0.717423825022,-0.00639592570211,0.0111723236742,0.697298801792
1624444981421441640,-0.00137184397317,-1.3827047348,0.0501928627491,-0.717423825022,-0.00639592570211,0.0111723236742,0.697298801792
1624444981471574214,-0.00140647043008,-1.38269722462,0.0502070635557,-0.717425004261,-0.00634260079666,0.0111166885909,0.697291715318
1624444981521528277,-0.00136067776475,-1.3827226162,0.0502981841564,-0.717469719109,-0.00627841651186,0.0113329645882,0.697258061013
1624444981571510603,-0.00136067776475,-1.3827226162,0.0502981841564,-0.717469719109,-0.00627841651186,0.0113329645882,0.697258061013
1624444981621459763,-0.00138385174796,-1.38273823261,0.050429046154,-0.717513265462,-0.00630886264534,0.0112739657088,0.697212130367
1624444981671473019,-0.00138385174796,-1.38273823261,0.050429046154,-0.717513265462,-0.00630886264534,0.0112739657088,0.697212130367
1624444981721451461,-0.00132344732992,-1.3827214241,0.0503320991993,-0.717478916254,-0.006288440171,0.011309855209,0.697245218542
1624444981771525674,-0.00132344732992,-1.3827214241,0.0503320991993,-0.717478916254,-0.006288440171,0.011309855209,0.697245218542
1624444981821674021,-0.00135703897104,-1.38271439075,0.05034057796,-0.717479483292,-0.00624223032149,0.0112551033823,0.697239143005
1624444981871559464,-0.00135703897104,-1.38271439075,0.05034057796,-0.717479483292,-0.00624223032149,0.0112551033823,0.697239143005
1624444981921673839,-0.00135703897104,-1.38271439075,0.05034057796,-0.717479483292,-0.00624223032149,0.0112551033823,0.697239143005
1624444981971542595,-0.00135703897104,-1.38271439075,0.05034057796,-0.717479483292,-0.00624223032149,0.0112551033823,0.697239143005
1624444982021663683,-0.00135703897104,-1.38271439075,0.05034057796,-0.717479483292,-0.00624223032149,0.0112551033823,0.697239143005
1624444982071567519,-0.00135703897104,-1.38271439075,0.05034057796,-0.717479483292,-0.00624223032149,0.0112551033823,0.697239143005
1624444982121788481,-0.00121774012223,-1.38274848461,0.0504532754421,-0.7175352281,-0.00623277275943,0.0114267522018,0.697195317025
1624444982171599534,-0.00121774012223,-1.38274848461,0.0504532754421,-0.7175352281,-0.00623277275943,0.0114267522018,0.697195317025
1624444982221691640,-0.00121774012223,-1.38274848461,0.0504532754421,-0.7175352281,-0.00623277275943,0.0114267522018,0.697195317025
1624444982271581812,-0.00121774012223,-1.38274848461,0.0504532754421,-0.7175352281,-0.00623277275943,0.0114267522018,0.697195317025
1624444982321707026,-0.00115044764243,-1.38272988796,0.0503602921963,-0.717499921989,-0.00621300113495,0.0114354907344,0.697227630261
1624444982371585312,-0.00115044764243,-1.38272988796,0.0503602921963,-0.717499921989,-0.00621300113495,0.0114354907344,0.697227630261
1624444982421702383,-0.00117855856661,-1.38273942471,0.0504780113697,-0.717538208062,-0.0061701277982,0.0113763611521,0.697183242507
1624444982471693580,-0.00117855856661,-1.38273942471,0.0504780113697,-0.717538208062,-0.0061701277982,0.0113763611521,0.697183242507
1624444982521762418,-0.00110797979869,-1.38272714615,0.0503928214312,-0.717505956332,-0.0062294825868,0.0113715051213,0.697216366783
1624444982571688392,-0.00104751239996,-1.38273489475,0.050414532423,-0.717513930399,-0.00629078728703,0.0114017507699,0.697210695069
1624444982621592221,-0.00104751239996,-1.38273489475,0.050414532423,-0.717513930399,-0.00629078728703,0.0114017507699,0.697210695069
1624444982671764637,-0.00098775466904,-1.38274264336,0.0504406541586,-0.71752184669,-0.0063509257783,0.0114314260916,0.697205121156
1624444982721606770,-0.00098775466904,-1.38274264336,0.0504406541586,-0.71752184669,-0.0063509257783,0.0114314260916,0.697205121156
1624444982771734846,-0.00098775466904,-1.38274264336,0.0504406541586,-0.71752184669,-0.0063509257783,0.0114314260916,0.697205121156
1624444982821694327,-0.00100772548467,-1.38273394108,0.0504498183727,-0.717520515334,-0.00630580137975,0.0113324205421,0.697199686122
1624444982871680379,-0.00100772548467,-1.38273394108,0.0504498183727,-0.717520515334,-0.00630580137975,0.0113324205421,0.697199686122
1624444982921719301,-0.000928378431126,-1.38271963596,0.0503699034452,-0.717487716011,-0.0063713138298,0.0112973666556,0.697231890292
1624444982971771557,-0.000939070130698,-1.38270401955,0.0503196269274,-0.717464842738,-0.00639681678539,0.0111998224082,0.697251750837
1624444983021647860,-0.000939070130698,-1.38270401955,0.0503196269274,-0.717464842738,-0.00639681678539,0.0111998224082,0.697251750837
1624444983071763995,-0.000973147165496,-1.38270556927,0.0503328889608,-0.717469658838,-0.00642505633113,0.0111692449667,0.697247195067
1624444983121651299,-0.000973147165496,-1.38270556927,0.0503328889608,-0.717469658838,-0.00642505633113,0.0111692449667,0.697247195067
1624444983171767439,-0.000967247236986,-1.38273632526,0.0504341125488,-0.717519685305,-0.00641149164575,0.0113225473577,0.697207885911
1624444983221761983,-0.000903667416424,-1.3827188015,0.050353422761,-0.717486973055,-0.0063915837661,0.0113202551881,0.697237222892
1624444983271688422,-0.000903667416424,-1.3827188015,0.050353422761,-0.717486973055,-0.0063915837661,0.0113202551881,0.697237222892
1624444983321737871,-0.000923055398744,-1.3827162981,0.0503702312708,-0.717488911773,-0.00643632498458,0.0112409963855,0.697233386657
1624444983374930494,-0.000923055398744,-1.3827162981,0.0503702312708,-0.717488911773,-0.00643632498458,0.0112409963855,0.697233386657
1624444983421766968,-0.00086731929332,-1.38272225857,0.0503874868155,-0.717495791466,-0.00647896146796,0.0112696987083,0.697227781201
1624444983471801947,-0.00086731929332,-1.38272225857,0.0503874868155,-0.717495791466,-0.00647896146796,0.0112696987083,0.697227781201
1624444983521635812,-0.00086731929332,-1.38272225857,0.0503874868155,-0.717495791466,-0.00647896146796,0.0112696987083,0.697227781201
1624444983576075192,-0.000896334764548,-1.38273084164,0.0504908263683,-0.71753033558,-0.00643291022022,0.0112225085461,0.697187776654
1624444983621735501,-0.000924295163713,-1.38273918629,0.0505929291248,-0.717563999156,-0.00639294173089,0.0111719141901,0.697148756042
1624444983671656063,-0.000924295163713,-1.38273918629,0.0505929291248,-0.717563999156,-0.00639294173089,0.0111719141901,0.697148756042
1624444983721804570,-0.000951029069256,-1.38275241852,0.0507013201714,-0.717599552384,-0.00642044429947,0.0111239880904,0.697111475024
1624444983771823047,-0.000951029069256,-1.38275241852,0.0507013201714,-0.717599552384,-0.00642044429947,0.0111239880904,0.697111475024
1624444983821894976,-0.000983155332506,-1.38274669647,0.0507077425718,-0.71759970786,-0.00637727638586,0.0110932154983,0.697107378583
1624444983871809579,-0.00100928999018,-1.38275456429,0.0508033633232,-0.717631909561,-0.00633548644118,0.0110449563023,0.697069868556
1624444983921769364,-0.00100928999018,-1.38275456429,0.0508033633232,-0.717631909561,-0.00633548644118,0.0110449563023,0.697069868556
1624444983971889722,-0.000962556805462,-1.38274073601,0.0507211238146,-0.717602665092,-0.0063184667337,0.0110764396029,0.697098359313
1624444984021760863,-0.000962556805462,-1.38274073601,0.0507211238146,-0.717602665092,-0.0063184667337,0.0110764396029,0.697098359313
1624444984071833739,-0.000916651217267,-1.38272690773,0.0506403446198,-0.717573901948,-0.00630173187715,0.0111074030452,0.69712634325
1624444984121754354,-0.000916651217267,-1.38272690773,0.0506403446198,-0.717573901948,-0.00630173187715,0.0111074030452,0.69712634325
1624444984171857399,-0.000916651217267,-1.38272690773,0.0506403446198,-0.717573901948,-0.00630173187715,0.0111074030452,0.69712634325
1624444984221819207,-0.000916651217267,-1.38272690773,0.0506403446198,-0.717573901948,-0.00630173187715,0.0111074030452,0.69712634325
1624444984271868109,-0.000943418941461,-1.38273572922,0.0507347881794,-0.717606290642,-0.00626060647043,0.0110747005996,0.697089563041
1624444984321777055,-0.000943418941461,-1.38273572922,0.0507347881794,-0.717606290642,-0.00626060647043,0.0110747005996,0.697089563041
1624444984371879229,-0.000881641579326,-1.38272488117,0.0507029443979,-0.71759025376,-0.0062438198918,0.0110525739017,0.697101071719
1624444984421785736,-0.000824799295515,-1.38270914555,0.0506248325109,-0.717560147065,-0.00622723393841,0.0110527099311,0.697128451035
1624444984472050915,-0.000824799295515,-1.38270914555,0.0506248325109,-0.717560147065,-0.00622723393841,0.0110527099311,0.697128451035
1624444984521886473,-0.000851495366078,-1.38271737099,0.0507188737392,-0.717591648204,-0.00618579721599,0.0110169730114,0.697092449163
1624444984571836111,-0.000906852132175,-1.38271045685,0.0506410896778,-0.717565270878,-0.006182595288,0.0110205536727,0.697120939665
1624444984621763166,-0.000906852132175,-1.38271045685,0.0506410896778,-0.717565270878,-0.006182595288,0.0110205536727,0.697120939665
1624444984671878450,-0.000929805450141,-1.38272368908,0.0507397204638,-0.717598708924,-0.00620931791845,0.0109850011605,0.697086628477
1624444984721757134,-0.000929805450141,-1.38272368908,0.0507397204638,-0.717598708924,-0.00620931791845,0.0109850011605,0.697086628477
1624444984771882941,-0.000958091288339,-1.38272356987,0.0507536828518,-0.717600861544,-0.00624012985423,0.0109466862349,0.697084246681
1624444984821734046,-0.000958091288339,-1.38272356987,0.0507536828518,-0.717600861544,-0.00624012985423,0.0109466862349,0.697084246681
1624444984871960195,-0.000890856143087,-1.38270688057,0.0506773144007,-0.717570422925,-0.00622338353045,0.0109185411687,0.69711074291
1624444984921955310,-0.000822792411782,-1.38268983364,0.0506071299314,-0.71754002104,-0.00620655573543,0.0108718558053,0.697136873425
1624444984971772874,-0.000822792411782,-1.38268983364,0.0506071299314,-0.71754002104,-0.00620655573543,0.0108718558053,0.697136873425
1624444985021870876,-0.000822792411782,-1.38268983364,0.0506071299314,-0.71754002104,-0.00620655573543,0.0108718558053,0.697136873425
1624444985071940687,-0.000822792411782,-1.38268983364,0.0506071299314,-0.71754002104,-0.00620655573543,0.0108718558053,0.697136873425
1624444985121774510,-0.000822792411782,-1.38268983364,0.0506071299314,-0.71754002104,-0.00620655573543,0.0108718558053,0.697136873425
1624444985171894720,-0.000822792411782,-1.38268983364,0.0506071299314,-0.71754002104,-0.00620655573543,0.0108718558053,0.697136873425
1624444985221819219,-0.000822792411782,-1.38268983364,0.0506071299314,-0.71754002104,-0.00620655573543,0.0108718558053,0.697136873425
1624444985271904985,-0.000822792411782,-1.38268983364,0.0506071299314,-0.71754002104,-0.00620655573543,0.0108718558053,0.697136873425
1624444985321923922,-0.000847200048156,-1.38269746304,0.0507028102875,-0.717569694378,-0.00617289899287,0.0108297640646,0.697102770433
1624444985371820204,-0.000847200048156,-1.38269746304,0.0507028102875,-0.717569694378,-0.00617289899287,0.0108297640646,0.697102770433
1624444985421896738,-0.000875345373061,-1.38269746304,0.0507151633501,-0.717571817105,-0.00621068576678,0.010784703919,0.697100376
1624444985471847030,-0.000875345373061,-1.38269746304,0.0507151633501,-0.717571817105,-0.00621068576678,0.010784703919,0.697100376
1624444985521999165,-0.000830011325888,-1.38270556927,0.0507311522961,-0.717578269161,-0.00627028350103,0.0108132838835,0.697097015297
1624444985571900403,-0.000830011325888,-1.38270556927,0.0507311522961,-0.717578269161,-0.00627028350103,0.0108132838835,0.697097015297
1624444985621998024,-0.000852751312777,-1.38271915913,0.0508222877979,-0.717610299464,-0.00629589140954,0.0107874319135,0.697064737758
1624444985671872299,-0.000852751312777,-1.38271915913,0.0508222877979,-0.717610299464,-0.00629589140954,0.0107874319135,0.697064737758
1624444985721901586,-0.000852751312777,-1.38271915913,0.0508222877979,-0.717610299464,-0.00629589140954,0.0107874319135,0.697064737758
1624444985771064966,-0.000852751312777,-1.38271915913,0.0508222877979,-0.717610299464,-0.00629589140954,0.0107874319135,0.697064737758
1624444985821154227,-0.000875743106008,-1.38270950317,0.0507967025042,-0.717599999188,-0.00625711146005,0.0107466875624,0.69707125471
1624444985871073601,-0.000825796218123,-1.38270175457,0.0507650673389,-0.717587113167,-0.00624258172257,0.0107564448145,0.697081737286
1624444985920997473,-0.000825796218123,-1.38270175457,0.0507650673389,-0.717587113167,-0.00624258172257,0.0107564448145,0.697081737286
1624444985971070652,-0.000751818006393,-1.38270914555,0.0507850199938,-0.717593183775,-0.00629945333795,0.0107849771493,0.69707858124
1624444986021538086,-0.000751818006393,-1.38270914555,0.0507850199938,-0.717593183775,-0.00629945333795,0.0107849771493,0.69707858124
1624444986071077762,-0.00074743287405,-1.38273060322,0.0508635640144,-0.717629931754,-0.00628914831672,0.010893570032,0.69704824286
1624444986121042567,-0.000707821920514,-1.38271725178,0.050790682435,-0.717603486365,-0.00627449168528,0.0109040878381,0.697072975542
1624444986170987914,-0.000707821920514,-1.38271725178,0.050790682435,-0.717603486365,-0.00627449168528,0.0109040878381,0.697072975542
1624444986221062293,-0.000666158972308,-1.38271677494,0.0507972538471,-0.717605691308,-0.00626115892397,0.0109284913135,0.697068923298
1624444986271063614,-0.000666158972308,-1.38271677494,0.0507972538471,-0.717605691308,-0.00626115892397,0.0109284913135,0.697068923298
1624444986321070514,-0.000691786932293,-1.38271558285,0.0508076101542,-0.717607212963,-0.00627814962273,0.0108938554251,0.697066614591
1624444986371005101,-0.000717117451131,-1.38271450996,0.05081859231,-0.717608607637,-0.00629489803451,0.0108597107061,0.69706438771
1624444986421139280,-0.000675557996146,-1.38272035122,0.0508320331573,-0.717613724685,-0.00633933299853,0.0108854716925,0.69706128603
1624444986470990766,-0.000675557996146,-1.38272035122,0.0508320331573,-0.717613724685,-0.00633933299853,0.0108854716925,0.69706128603
1624444986521065248,-0.000675557996146,-1.38272035122,0.0508320331573,-0.717613724685,-0.00633933299853,0.0108854716925,0.69706128603
1624444986570976414,-0.000675557996146,-1.38272035122,0.0508320331573,-0.717613724685,-0.00633933299853,0.0108854716925,0.69706128603
1624444986621116013,-0.000675557996146,-1.38272035122,0.0508320331573,-0.717613724685,-0.00633933299853,0.0108854716925,0.69706128603
1624444986671076639,-0.000675557996146,-1.38272035122,0.0508320331573,-0.717613724685,-0.00633933299853,0.0108854716925,0.69706128603
1624444986721003019,-0.000675557996146,-1.38272035122,0.0508320331573,-0.717613724685,-0.00633933299853,0.0108854716925,0.69706128603
1624444986771074156,-0.000675557996146,-1.38272035122,0.0508320331573,-0.717613724685,-0.00633933299853,0.0108854716925,0.69706128603
1624444986821033932,-0.000675557996146,-1.38272035122,0.0508320331573,-0.717613724685,-0.00633933299853,0.0108854716925,0.69706128603
1624444986871191063,-0.000639187463094,-1.3827085495,0.0507597029209,-0.717589475713,-0.00632516345906,0.0109127995747,0.697085048964
1624444986921048014,-0.000592620461248,-1.38269948959,0.0507291853428,-0.717576014293,-0.00631041274827,0.0108951084768,0.697094844959
1624444986970991653,-0.000592620461248,-1.38269948959,0.0507291853428,-0.717576014293,-0.00631041274827,0.0108951084768,0.697094844959
1624444987021093760,-0.00054867711151,-1.38268554211,0.0506607294083,-0.717549816888,-0.00629549749537,0.0108793548673,0.697118135823
1624444987071102376,-0.000570951320697,-1.38269758224,0.0507439821959,-0.717578851241,-0.00631975689516,0.0108517449479,0.697088641858
1624444987121061099,-0.000570951320697,-1.38269758224,0.0507439821959,-0.717578851241,-0.00631975689516,0.0108517449479,0.697088641858
1624444987170995365,-0.000570951320697,-1.38269758224,0.0507439821959,-0.717578851241,-0.00631975689516,0.0108517449479,0.697088641858
1624444987221056686,-0.000570951320697,-1.38269758224,0.0507439821959,-0.717578851241,-0.00631975689516,0.0108517449479,0.697088641858
1624444987270980798,-0.000570951320697,-1.38269758224,0.0507439821959,-0.717578851241,-0.00631975689516,0.0108517449479,0.697088641858
1624444987321040527,-0.000601708481554,-1.38269305229,0.0507492721081,-0.717578676154,-0.00628576827315,0.0108179545762,0.697085530934
1624444987371041712,-0.000632085371763,-1.38268852234,0.050753891468,-0.717578388766,-0.00625482831826,0.0107846445471,0.697082570634
1624444987420933131,-0.000632085371763,-1.38268852234,0.050753891468,-0.717578388766,-0.00625482831826,0.0107846445471,0.697082570634
1624444987471079752,-0.000736614922062,-1.38268983364,0.0507618933916,-0.717579734019,-0.00623772385214,0.0107379496379,0.697080848491
1624444987520974287,-0.000736614922062,-1.38268983364,0.0507618933916,-0.717579734019,-0.00623772385214,0.0107379496379,0.697080848491
1624444987571107484,-0.00077929411782,-1.3826880455,0.0506987720728,-0.717558648374,-0.00624958854986,0.01074322266,0.697104945756
1624444987620924613,-0.00077929411782,-1.3826880455,0.0506987720728,-0.717558648374,-0.00624958854986,0.01074322266,0.697104945756
1624444987671083220,-0.000802785041742,-1.38268840313,0.0507087260485,-0.71756090551,-0.00626953458407,0.0107189719307,0.6971026699
1624444987720922693,-0.000802785041742,-1.38268840313,0.0507087260485,-0.71756090551,-0.00626953458407,0.0107189719307,0.6971026699
1624444987771027510,-0.000802785041742,-1.38268840313,0.0507087260485,-0.71756090551,-0.00626953458407,0.0107189719307,0.6971026699
1624444987821005770,-0.000825937429909,-1.38268876076,0.0507173836231,-0.717563123819,-0.00628921738409,0.0106950412699,0.697100431778
1624444987871018609,-0.000791214639321,-1.38268339634,0.050660893321,-0.717542635911,-0.00633883053071,0.010707559303,0.697123409509
1624444987920998274,-0.000832996796817,-1.38267993927,0.0505994409323,-0.717522389599,-0.00634972500673,0.0107128825292,0.697146569167
1624444987970984042,-0.000832996796817,-1.38267993927,0.0505994409323,-0.717522389599,-0.00634972500673,0.0107128825292,0.697146569167
1624444988021059149,-0.000931762566324,-1.38268172741,0.0506089478731,-0.717523901298,-0.00634476355578,0.0106607017446,0.697144851189
1624444988071428455,-0.000931762566324,-1.38268172741,0.0506089478731,-0.717523901298,-0.00634476355578,0.0106607017446,0.697144851189
1624444988121011126,-0.000931762566324,-1.38268172741,0.0506089478731,-0.717523901298,-0.00634476355578,0.0106607017446,0.697144851189
1624444988171215153,-0.000891344156116,-1.38268685341,0.0506217181683,-0.717528883983,-0.00638109227635,0.0106853410514,0.697141422234
1624444988220981180,-0.000891344156116,-1.38268685341,0.0506217181683,-0.717528883983,-0.00638109227635,0.0106853410514,0.697141422234
1624444988271180333,-0.000915374199394,-1.38268220425,0.0506258904934,-0.717528678946,-0.00634870338756,0.0106469389464,0.697138132533
1624444988321022813,-0.000915374199394,-1.38268220425,0.0506258904934,-0.717528678946,-0.00634870338756,0.0106469389464,0.697138132533
1624444988370983449,-0.000915374199394,-1.38268220425,0.0506258904934,-0.717528678946,-0.00634870338756,0.0106469389464,0.697138132533
1624444988421057502,-0.000932736846153,-1.38267755508,0.0506311655045,-0.717528482985,-0.00631667543242,0.010608896014,0.697134875546
1624444988471097464,-0.000932736846153,-1.38267755508,0.0506311655045,-0.717528482985,-0.00631667543242,0.010608896014,0.697134875546
1624444988521131232,-0.000950235174969,-1.38267314434,0.0506335049868,-0.71752835535,-0.00628410346904,0.0105746309984,0.697131635243
1624444988571072334,-0.000967574247625,-1.38266456127,0.0506157577038,-0.717519666668,-0.00625224989667,0.0105231900753,0.697136629618
1624444988621041470,-0.000967574247625,-1.38266456127,0.0506157577038,-0.717519666668,-0.00625224989667,0.0105231900753,0.697136629618
1624444988671106130,-0.000932066410314,-1.38265347481,0.0505562573671,-0.717497696802,-0.00623993624434,0.0105345176352,0.697157311442
1624444988721029539,-0.000932066410314,-1.38265347481,0.0505562573671,-0.717497696802,-0.00623993624434,0.0105345176352,0.697157311442
1624444988771087915,-0.000947329273913,-1.38268923759,0.0505640804768,-0.717521171953,-0.00629182646365,0.0106847645669,0.697156100794
1624444988821069613,-0.000947329273913,-1.38268923759,0.0505640804768,-0.717521171953,-0.00629182646365,0.0106847645669,0.697156100794
1624444988871000029,-0.000947329273913,-1.38268923759,0.0505640804768,-0.717521171953,-0.00629182646365,0.0106847645669,0.697156100794
1624444988921119902,-0.000964566424955,-1.38270008564,0.0506432503462,-0.717547400168,-0.00631358074898,0.0106612371059,0.697129454994
1624444988971013516,-0.000964566424955,-1.38270008564,0.0506432503462,-0.717547400168,-0.00631358074898,0.0106612371059,0.697129454994
1624444989021052150,-0.000964566424955,-1.38270008564,0.0506432503462,-0.717547400168,-0.00631358074898,0.0106612371059,0.697129454994
1624444989071066440,-0.000964566424955,-1.38270008564,0.0506432503462,-0.717547400168,-0.00631358074898,0.0106612371059,0.697129454994
1624444989121099027,-0.000927554210648,-1.38269972801,0.0506505817175,-0.717549688442,-0.00630204370936,0.0106834053231,0.697125653568
1624444989171017105,-0.000927554210648,-1.38269972801,0.0506505817175,-0.717549688442,-0.00630204370936,0.0106834053231,0.697125653568
1624444989221074777,-0.000949052220676,-1.38269877434,0.050658851862,-0.717551408418,-0.00631251425672,0.0106584462088,0.697123193418
1624444989271126837,-0.000970650929958,-1.38269877434,0.0506666749716,-0.717553537136,-0.00632332216563,0.0106414052186,0.697120793044
1624444989321026768,-0.000992958317511,-1.38269507885,0.0506712496281,-0.717553877478,-0.0062935974974,0.0106202866096,0.697117887334
1624444989371141219,-0.000992958317511,-1.38269507885,0.0506712496281,-0.717553877478,-0.0062935974974,0.0106202866096,0.697117887334
1624444989421041662,-0.00101491715759,-1.38269114494,0.0506741255522,-0.717554002462,-0.00626274225059,0.010595017212,0.697114900118
1624444989470976268,-0.00101491715759,-1.38269114494,0.0506741255522,-0.717554002462,-0.00626274225059,0.010595017212,0.697114900118
1624444989521072590,-0.00102924089879,-1.38269138336,0.0507094711065,-0.717564831005,-0.00623251738663,0.0105540832619,0.697100268453
1624444989571008709,-0.00102924089879,-1.38269138336,0.0507094711065,-0.717564831005,-0.00623251738663,0.0105540832619,0.697100268453
1624444989621031285,-0.000990486703813,-1.38268041611,0.0506527870893,-0.717543317661,-0.00622053099017,0.0105570599567,0.697120088995
1624444989671040445,-0.000990486703813,-1.38268041611,0.0506527870893,-0.717543317661,-0.00622053099017,0.0105570599567,0.697120088995
1624444989721050776,-0.000937190488912,-1.38267564774,0.0505996644497,-0.717525015107,-0.00626475739503,0.0105695366215,0.69714048776
1624444989771108706,-0.000896060315426,-1.38266479969,0.0505456626415,-0.717503945828,-0.006252799542,0.0105724538844,0.697159837597
1624444989820997120,-0.000896060315426,-1.38266479969,0.0505456626415,-0.717503945828,-0.006252799542,0.0105724538844,0.697159837597
1624444989871089273,-0.000907174427994,-1.3826649189,0.0505805909634,-0.717514632531,-0.00622404477605,0.010522470682,0.697145258975
1624444989921040225,-0.000872849894222,-1.38266479969,0.0505861938,-0.717516886145,-0.0062136835441,0.010544162335,0.697141615608
1624444989971087223,-0.000841771136038,-1.38265585899,0.0505319237709,-0.717497687174,-0.00620283867412,0.010568453649,0.697160560642
1624444990020950818,-0.000841771136038,-1.38265585899,0.0505319237709,-0.717497687174,-0.00620283867412,0.010568453649,0.697160560642
1624444990071088069,-0.000928753463086,-1.38266634941,0.0505987852812,-0.717521146405,-0.00618441651451,0.0105301877993,0.697136188763
1624444990120985463,-0.000928753463086,-1.38266634941,0.0505987852812,-0.717521146405,-0.00618441651451,0.0105301877993,0.697136188763
1624444990171127420,-0.000988549552858,-1.38268780708,0.0506621897221,-0.717552433405,-0.00615283402422,0.0106251637508,0.697113600221
1624444990221014750,-0.000988549552858,-1.38268780708,0.0506621897221,-0.717552433405,-0.00615283402422,0.0106251637508,0.697113600221
1624444990271097561,-0.000988549552858,-1.38268780708,0.0506621897221,-0.717552433405,-0.00615283402422,0.0106251637508,0.697113600221
1624444990321026932,-0.000988549552858,-1.38268780708,0.0506621897221,-0.717552433405,-0.00615283402422,0.0106251637508,0.697113600221
1624444990370970669,-0.000988549552858,-1.38268780708,0.0506621897221,-0.717552433405,-0.00615283402422,0.0106251637508,0.697113600221
1624444990421040789,-0.000957402575295,-1.3826789856,0.0506065040827,-0.717533298697,-0.0061425080072,0.0106485887333,0.697132398062
1624444990471082566,-0.000977578922175,-1.38267982006,0.0506192743778,-0.71753577222,-0.00616112086803,0.0106330529856,0.697130285613
1624444990521499746,-0.000977578922175,-1.38267982006,0.0506192743778,-0.71753577222,-0.00616112086803,0.0106330529856,0.697130285613
1624444990571096042,-0.000997381284833,-1.38267993927,0.0506281852722,-0.717537667352,-0.00618251681084,0.0106079644329,0.697128319778
1624444990621136340,-0.000997381284833,-1.38267993927,0.0506281852722,-0.717537667352,-0.00618251681084,0.0106079644329,0.697128319778
1624444990671106372,-0.00101805862505,-1.38267660141,0.050633341074,-0.717538020117,-0.00615586853856,0.0105886622982,0.697125568068
1624444990721073040,-0.00105121056549,-1.3826751709,0.0505863577127,-0.71752081646,-0.00616609432328,0.0105938241261,0.697145190176
