%time,field.header.seq,field.header.stamp,field.header.frame_id,field.pose.position.x,field.pose.position.y,field.pose.position.z,field.pose.orientation.x,field.pose.orientation.y,field.pose.orientation.z,field.pose.orientation.w
1624449123773279180,5867,1624449123773652580,iri_wam_link_base,0.148394673427,-0.401267221202,0.150935472824,0.705419361591,0.708697497845,0.0114469509572,-0.00051980977878
1624449123807543288,5868,1624449123807973366,iri_wam_link_base,0.148395824373,-0.40127533519,0.150912768002,0.705419480801,0.708697140217,0.0114633142948,-0.00054147420451
1624449123873308328,5869,1624449123873793479,iri_wam_link_base,0.148398657758,-0.401272939653,0.15091285254,0.705434560776,0.708681643009,0.0114936577156,-0.000539110682439
1624449123907579881,5870,1624449123908102789,iri_wam_link_base,0.148380232288,-0.401272025262,0.150922330536,0.705423057079,0.708693504333,0.0114655848593,-0.00057446421124
1624449123973471565,5871,1624449123973930324,iri_wam_link_base,0.148380232288,-0.401272025262,0.150922330536,0.705459415913,0.708657324314,0.0114655531943,-0.000575052690692
1624449124008871295,5872,1624449124008253291,iri_wam_link_base,0.148384758189,-0.401274504773,0.150922357984,0.705449163914,0.708667397499,0.01147735212,-0.000534188060556
1624449124073601429,5873,1624449124074070572,iri_wam_link_base,0.148383066481,-0.401269629594,0.150922415085,0.705474555492,0.708641767502,0.0114959040657,-0.000572687247768
1624449124109141733,5874,1624449124109514354,iri_wam_link_base,0.148396965849,-0.401268064544,0.150912909757,0.705496430397,0.708619773388,0.011512179859,-0.00057820166694
1624449124174831670,5875,1624449124174239830,iri_wam_link_base,0.148389597424,-0.401252595572,0.150935644625,0.705459177494,0.708656907082,0.0115026328713,-0.000634719093796
1624449124209254702,5876,1624449124209650643,iri_wam_link_base,0.14838137539,-0.401264754071,0.150922472638,0.705499887466,0.708616197109,0.0115144588053,-0.000611186143942
1624449124274998305,5877,1624449124275438749,iri_wam_link_base,0.148376849304,-0.401262274364,0.150922445839,0.705473721027,0.708642363548,0.0115026887506,-0.000651461305097
1624449124309354423,5878,1624449124309778443,iri_wam_link_base,0.148391025347,-0.401290676135,0.150935124479,0.705503880978,0.708612501621,0.0114992624149,-0.000571738986764
1624449124375108539,5879,1624449124375585675,iri_wam_link_base,0.148390748372,-0.401260709569,0.150912940629,0.705459177494,0.708656609058,0.0115189915523,-0.000656384741887
1624449124409611604,5880,1624449124409931115,iri_wam_link_base,0.148376849304,-0.401262274364,0.150922445839,0.705473721027,0.708642363548,0.0115026887506,-0.000651461305097
1624449124475266680,5881,1624449124475723129,iri_wam_link_base,0.148391025347,-0.401290676135,0.150935124479,0.705503880978,0.708612501621,0.0114992624149,-0.000571738986764
1624449124509729147,5882,1624449124510122943,iri_wam_link_base,0.148383066481,-0.401269629594,0.150922415085,0.705474555492,0.708641767502,0.0114959040657,-0.000572687247768
1624449124575384823,5883,1624449124575862608,iri_wam_link_base,0.148378540487,-0.401267149984,0.150922387961,0.705448448658,0.708667933941,0.0114841358736,-0.000612962350715
1624449124610943543,5884,1624449124610263104,iri_wam_link_base,0.148383066481,-0.401269629594,0.150922415085,0.705474555492,0.708641767502,0.0114959040657,-0.000572687247768
1624449124675535623,5885,1624449124675995296,iri_wam_link_base,0.148391288808,-0.401257471124,0.150935586905,0.70543384552,0.708682477474,0.0114840799943,-0.000596220546868
1624449124711112655,5886,1624449124711468654,iri_wam_link_base,0.148395814903,-0.401259950548,0.150935614197,0.705459952354,0.708656311035,0.0114958491176,-0.000555944629014
1624449124775694082,5887,1624449124776125846,iri_wam_link_base,0.148396965849,-0.401268064544,0.150912909757,0.705496430397,0.708619773388,0.011512179859,-0.00057820166694
1624449124811246310,5888,1624449124811621935,iri_wam_link_base,0.14838137539,-0.401264754071,0.150922472638,0.705499887466,0.708616197109,0.0115144588053,-0.000611186143942
1624449124876751468,5889,1624449124876266301,iri_wam_link_base,0.148389597424,-0.401252595572,0.150935644625,0.705459177494,0.708656907082,0.0115026328713,-0.000634719093796
1624449124911381117,5890,1624449124911764642,iri_wam_link_base,0.148376849304,-0.401262274364,0.150922445839,0.705473721027,0.708642363548,0.0115026887506,-0.000651461305097
1624449124976952913,5891,1624449124977341995,iri_wam_link_base,0.148389597424,-0.401252595572,0.150935644625,0.705459177494,0.708656907082,0.0115026328713,-0.000634719093796
1624449125011637298,5892,1624449125011916044,iri_wam_link_base,0.148388190419,-0.401293072021,0.15093503989,0.70545232296,0.708664357662,0.0114689357579,-0.000573516997974
1624449125077112919,5893,1624449125077581380,iri_wam_link_base,0.148380232288,-0.401272025262,0.150922330536,0.705423057079,0.708693504333,0.0114655848593,-0.00057446421124
1624449125111654724,5894,1624449125112059876,iri_wam_link_base,0.148378540487,-0.401267149984,0.150922387961,0.705448448658,0.708667933941,0.0114841358736,-0.000612962350715
1624449125177260671,5895,1624449125177722075,iri_wam_link_base,0.148403234746,-0.40128423532,0.150925676345,0.705514669418,0.708601176739,0.0115341236815,-0.000615161436144
1624449125211829864,5896,1624449125212210546,iri_wam_link_base,0.148387906658,-0.401247719677,0.150935702798,0.705484628677,0.708631277084,0.0115211904049,-0.000673218164593
1624449125277379157,5897,1624449125277871010,iri_wam_link_base,0.14838137539,-0.401264754071,0.150922472638,0.705499887466,0.708616197109,0.0115144588053,-0.000611186143942
1624449125313001767,5898,1624449125312360558,iri_wam_link_base,0.148376849304,-0.401262274364,0.150922445839,0.705473721027,0.708642363548,0.0115026887506,-0.000651461305097
1624449125377566646,5899,1624449125378014965,iri_wam_link_base,0.148399248164,-0.401278516887,0.150948296974,0.70546323061,0.708653211594,0.0114874364808,-0.000595272984356
1624449125413249812,5900,1624449125413573691,iri_wam_link_base,0.148383066481,-0.401269629594,0.150922415085,0.705474555492,0.708641767502,0.0114959040657,-0.000572687247768
1624449125477719362,5901,1624449125478160494,iri_wam_link_base,0.148392439755,-0.401265585118,0.150912882634,0.705470263958,0.708645939827,0.0115004070103,-0.000618476129603
1624449125513319819,5902,1624449125513716790,iri_wam_link_base,0.148378540487,-0.401267149984,0.150922387961,0.705448448658,0.708667933941,0.0114841358736,-0.000612962350715
1624449125578795641,5903,1624449125578311619,iri_wam_link_base,0.148378540487,-0.401267149984,0.150922387961,0.705448448658,0.708667933941,0.0114841358736,-0.000612962350715
1624449125613434008,5904,1624449125613861422,iri_wam_link_base,0.148383066481,-0.401269629594,0.150922415085,0.705474555492,0.708641767502,0.0114959040657,-0.000572687247768
1624449125679015682,5905,1624449125679401362,iri_wam_link_base,0.148395814903,-0.401259950548,0.150935614197,0.705459952354,0.708656311035,0.0114958491176,-0.000555944629014
1624449125713559238,5906,1624449125714000168,iri_wam_link_base,0.148398657758,-0.401272939653,0.15091285254,0.705434560776,0.708681643009,0.0114936577156,-0.000539110682439
1624449125779164599,5907,1624449125779635378,iri_wam_link_base,0.148421057607,-0.401289181703,0.150938705157,0.705423951149,0.708692491055,0.0114784063771,-0.000482921896037
1624449125814022786,5908,1624449125814148976,iri_wam_link_base,0.148398657758,-0.401272939653,0.15091285254,0.705434560776,0.708681643009,0.0114936577156,-0.000539110682439
1624449125879278974,5909,1624449125879766502,iri_wam_link_base,0.148378540487,-0.401267149984,0.150922387961,0.705448448658,0.708667933941,0.0114841358736,-0.000612962350715
1624449125914858901,5910,1624449125914340633,iri_wam_link_base,0.148378540487,-0.401267149984,0.150922387961,0.705448448658,0.708667933941,0.0114841358736,-0.000612962350715
1624449125979449805,5911,1624449125979910920,iri_wam_link_base,0.148380232288,-0.401272025262,0.150922330536,0.705423057079,0.708693504333,0.0114655848593,-0.00057446421124
1624449126015183402,5912,1624449126015411210,iri_wam_link_base,0.148380232288,-0.401272025262,0.150922330536,0.705423057079,0.708693504333,0.0114655848593,-0.00057446421124
1624449126079557687,5913,1624449126080044239,iri_wam_link_base,0.142959173318,-0.402167741295,0.153245464873,0.704437196255,0.709626615047,0.00377446622588,-0.0135703179985
1624449126115177093,5914,1624449126115600448,iri_wam_link_base,0.126443491311,-0.408075618518,0.162716673892,0.704787135124,0.707902550697,-0.0237208195031,-0.0398289375007
1624449126179822355,5915,1624449126180187301,iri_wam_link_base,0.0834315310491,-0.424898329951,0.202980524033,0.708783864975,0.700892269611,-0.0719111263752,-0.0347025692463
1624449126215355617,5916,1624449126215770232,iri_wam_link_base,0.0526640563492,-0.431626455698,0.239270424736,0.706682682037,0.703103899956,-0.0659583881497,-0.0435207597911
1624449126280915931,5917,1624449126280374025,iri_wam_link_base,-0.00330238320427,-0.434424201156,0.326070587747,0.709083259106,0.704764425755,0.00620190240443,-0.0216691344976
1624449126315421476,5918,1624449126315906809,iri_wam_link_base,-0.029810270542,-0.424610881376,0.374026009723,0.708416521549,0.705153465271,0.026865568012,0.0135221751407
1624449126381041066,5919,1624449126381446164,iri_wam_link_base,-0.0488835251674,-0.39111770628,0.410761630931,0.708411514759,0.704846978188,0.0189770534635,0.0313653536141
1624449126415570711,5920,1624449126416036396,iri_wam_link_base,-0.0391455541087,-0.376215178362,0.401700146742,0.705808460712,0.707240402699,0.0198159068823,0.0353941097856
1624449126481185188,5921,1624449126481654575,iri_wam_link_base,-0.00741130898394,-0.363419911577,0.361457168939,0.704468011856,0.707990586758,-0.0146395573393,0.0475377365947
1624449126515721680,5922,1624449126516162178,iri_wam_link_base,0.00600391784792,-0.364669401061,0.344950961366,0.704494416714,0.708095192909,-0.027818787843,0.0389228798449
1624449126581330914,5923,1624449126581787216,iri_wam_link_base,0.02052410185,-0.386067140564,0.341932506697,0.703998029232,0.708235263824,-0.0390302948654,0.0355846211314
1624449126615849336,5924,1624449126616295635,iri_wam_link_base,0.0187545935911,-0.401353899419,0.348980162201,0.705120384693,0.707455396652,-0.042415317148,0.0226511731744
1624449126681654609,5925,1624449126681921668,iri_wam_link_base,0.00651757620854,-0.427273597776,0.365068630897,0.708775758743,0.705099701881,-0.0216908752918,-0.000912566320039
1624449126717023497,5926,1624449126716430007,iri_wam_link_base,0.000620047914152,-0.436640466465,0.369281644071,0.708579182625,0.705615162849,-0.0047719408758,-0.000180265706149
1624449126781660630,5927,1624449126782047871,iri_wam_link_base,-0.00494029937776,-0.441309027382,0.366153495634,0.708118677139,0.706060647964,0.00552948517725,-0.00396966561675
1624449126817179674,5928,1624449126817619728,iri_wam_link_base,-0.0041985552593,-0.438414099324,0.364044401075,0.707820057869,0.706309139729,0.0087022818625,-0.00650869961828
1624449126883852345,5929,1624449126882881599,iri_wam_link_base,-0.00283958913453,-0.434497702311,0.367168284527,0.706821918488,0.707351028919,0.00665664160624,-0.00360622489825
1624449126917312309,5930,1624449126917768081,iri_wam_link_base,-0.0025955938056,-0.433826822731,0.370102259455,0.706674098969,0.707528471947,0.00384899671189,-0.000652262242511
1624449126983933513,5931,1624449126984211052,iri_wam_link_base,-0.00113507769465,-0.434626664731,0.374543072551,0.705953240395,0.708242595196,-0.000839620712213,0.00465962477028
1624449127017464723,5932,1624449127017900727,iri_wam_link_base,-0.00117793085391,-0.435246449578,0.37566191064,0.706036031246,0.708147585392,-0.00228870846331,0.00590417394415
1624449127083942070,5933,1624449127084339045,iri_wam_link_base,-0.0014714387337,-0.435861867573,0.377027365058,0.706182777882,0.707979381084,-0.00408915337175,0.00737146660686
1624449127117593662,5934,1624449127118029160,iri_wam_link_base,-0.00123610230939,-0.436621880972,0.378105280402,0.706149458885,0.707987248898,-0.00534847425297,0.00885335262865
1624449127185233182,5935,1624449127184469128,iri_wam_link_base,-0.000566502980216,-0.439948582573,0.382388873984,0.706010043621,0.707984149456,-0.0105498703197,0.0140335308388
1624449127217850336,5936,1624449127218201539,iri_wam_link_base,-0.000543890743855,-0.441414146007,0.384841806106,0.705854892731,0.708021342754,-0.0137707209215,0.0168816838413
1624449127285534962,5937,1624449127285778696,iri_wam_link_base,-0.000637950111433,-0.442762625249,0.388091046975,0.705854952335,0.707882881165,-0.0171775370836,0.0193801280111
1624449127317951137,5938,1624449127318386331,iri_wam_link_base,-0.000642427517153,-0.443074552459,0.388410646283,0.70574837923,0.707964539528,-0.0178140029311,0.0197012871504
1624449127385491188,5939,1624449127385938534,iri_wam_link_base,-0.00112045235685,-0.444134258599,0.387942861314,0.706135213375,0.707578837872,-0.0179386287928,0.0195839256048
1624449127419110473,5940,1624449127418521070,iri_wam_link_base,-0.00237792431177,-0.445684993341,0.387680614271,0.706923544407,0.70677369833,-0.0187599249184,0.0194433219731
1624449127485644802,5941,1624449127486067431,iri_wam_link_base,-0.00597494272622,-0.451337908774,0.388081369515,0.708212018013,0.705361664295,-0.0219890028238,0.0204237140715
1624449127519292840,5942,1624449127519716880,iri_wam_link_base,-0.00741840156902,-0.455256290322,0.388731879031,0.708485603333,0.704969763756,-0.0243891719729,0.0216996129602
1624449127585794302,5943,1624449127586208172,iri_wam_link_base,-0.00948324860028,-0.463377988202,0.389578406932,0.708213090897,0.705067813396,-0.0286172144115,0.0222398675978
1624449127619604575,5944,1624449127619898115,iri_wam_link_base,-0.0105641341332,-0.467524770688,0.389356036703,0.708143532276,0.705154120922,-0.0300911720842,0.0196194648743
1624449127685917689,5945,1624449127686349429,iri_wam_link_base,-0.0128413331442,-0.475617791098,0.387898463399,0.708499729633,0.704754710197,-0.0319320708513,0.0181460250169
1624449127719628453,5946,1624449127720111138,iri_wam_link_base,-0.0141455865206,-0.47949779643,0.387047122609,0.708550333977,0.70468378067,-0.0327943004668,0.0173685718328
1624449127789598399,5947,1624449127788930982,iri_wam_link_base,-0.0176132751929,-0.486381933624,0.386358014815,0.70904481411,0.704117715359,-0.0351525843143,0.0154251176864
1624449127819782413,5948,1624449127820243902,iri_wam_link_base,-0.019478874476,-0.489056189251,0.386713113098,0.70902967453,0.7040797472,-0.0361703671515,0.0155029846355
1624449127889802990,5949,1624449127890245947,iri_wam_link_base,-0.0231937466031,-0.495197402791,0.388811039953,0.708785951138,0.704373836517,-0.0343522243202,0.0173172429204
1624449127919935671,5950,1624449127920379436,iri_wam_link_base,-0.0246095404584,-0.497816955675,0.389628862851,0.709030210972,0.704168260098,-0.0333066992462,0.0177164785564
1624449127989898546,5951,1624449127990387344,iri_wam_link_base,-0.0280194456123,-0.50415119904,0.390033138686,0.708441734314,0.704608201981,-0.0361479856074,0.0181935764849
1624449128021169532,5952,1624449128020526095,iri_wam_link_base,-0.0294982422631,-0.506638384814,0.38952922219,0.708668291569,0.704339385033,-0.0370887629688,0.0178803801537
1624449128091098294,5953,1624449128090523186,iri_wam_link_base,-0.0327992525403,-0.512518119458,0.387487199607,0.708638429642,0.704337894917,-0.0383009016514,0.0165151357651
1624449128121273338,5954,1624449128121718837,iri_wam_link_base,-0.0341269156183,-0.515482528858,0.386739025466,0.708117425442,0.704888761044,-0.0378941297531,0.0162973944098
1624449128191280957,5955,1624449128191719617,iri_wam_link_base,-0.0379228261812,-0.523233573357,0.387203421901,0.70858412981,0.70437502861,-0.0380662158132,0.0177562907338
1624449128221423486,5956,1624449128221870199,iri_wam_link_base,-0.0394876990149,-0.526567570584,0.387925709651,0.708391070366,0.704626619816,-0.036474365741,0.018787542358
1624449128291414197,5957,1624449128291867200,iri_wam_link_base,-0.0437850975537,-0.533668826395,0.388232001992,0.708519220352,0.704590260983,-0.033949047327,0.0200140010566
1624449128321587261,5958,1624449128321998264,iri_wam_link_base,-0.0456292648722,-0.536767669957,0.388060353558,0.708699047565,0.704362571239,-0.0348969176412,0.0200312640518
1624449128391515996,5959,1624449128392001508,iri_wam_link_base,-0.0493289211452,-0.543781669702,0.387029540905,0.708373367786,0.704713046551,-0.0345685519278,0.0197889450938
1624449128421670862,5960,1624449128422136582,iri_wam_link_base,-0.0505932689728,-0.54684390183,0.386763906976,0.708120763302,0.704917013645,-0.035475756973,0.0199616253376
1624449128491649252,5961,1624449128492138532,iri_wam_link_base,-0.0534086831653,-0.553343329368,0.386601502948,0.708191454411,0.70480799675,-0.0360293500125,0.0203073564917
1624449128521780047,5962,1624449128522268828,iri_wam_link_base,-0.0546847651615,-0.555952819504,0.386562848796,0.708139896393,0.704754292965,-0.0381805188954,0.0200380217284
1624449128591807074,5963,1624449128592268909,iri_wam_link_base,-0.0578449747667,-0.56155874702,0.385846595509,0.708436012268,0.704304516315,-0.041352443397,0.0190672501922
1624449128621942583,5964,1624449128622407728,iri_wam_link_base,-0.0589385831812,-0.563798885397,0.385432723468,0.708789825439,0.7039296031,-0.0417187586427,0.0189645849168
1624449128691927030,5965,1624449128692409409,iri_wam_link_base,-0.0616502926481,-0.568892426257,0.384809262593,0.708342790604,0.704329371452,-0.0425463095307,0.0189850423485
1624449128723010442,5966,1624449128722548705,iri_wam_link_base,-0.0627139438875,-0.571105211021,0.384802021773,0.707623124123,0.704974710941,-0.0437388084829,0.0191608220339
1624449128792993602,5967,1624449128792536653,iri_wam_link_base,-0.0657089236031,-0.576978130519,0.3851531274,0.708153784275,0.704167842865,-0.047751750797,0.0196377765387
1624449128823228926,5968,1624449128823635082,iri_wam_link_base,-0.0667688172231,-0.579718453111,0.385251639893,0.708435833454,0.703985035419,-0.0458117462695,0.0206165984273
1624449128893266017,5969,1624449128893632360,iri_wam_link_base,-0.0698603947702,-0.586700111509,0.384905767084,0.708388090134,0.703787326813,-0.0494611784816,0.0205726940185
1624449128923357467,5970,1624449128923838572,iri_wam_link_base,-0.0712150746104,-0.589563351652,0.384559987944,0.707701742649,0.704569041729,-0.048121791333,0.0206156168133
1624449128993411549,5971,1624449128993878368,iri_wam_link_base,-0.0747346443779,-0.596880052679,0.383920301185,0.707742810249,0.704589903355,-0.0468169860542,0.0214792657644
1624449129023506515,5972,1624449129023967832,iri_wam_link_base,-0.0766777413313,-0.600293213149,0.383951272026,0.707827687263,0.704478800297,-0.0471091344953,0.0216863583773
1624449129093519870,5973,1624449129094014366,iri_wam_link_base,-0.0806889970371,-0.608141893061,0.384488105894,0.708046853542,0.70443302393,-0.0452870503068,0.019820176065
1624449129123633181,5974,1624449129124103552,iri_wam_link_base,-0.0823034893598,-0.611455461009,0.384842267962,0.70780402422,0.7047123909,-0.0446761362255,0.0199500899762
1624449129193665122,5975,1624449129194142990,iri_wam_link_base,-0.0850479055072,-0.618521007058,0.384907276838,0.707912147045,0.704569399357,-0.0454549193382,0.019398285076
1624449129223783763,5976,1624449129224237661,iri_wam_link_base,-0.0860747521107,-0.621047773613,0.384479960847,0.707776129246,0.704743087292,-0.0450884476304,0.0188987925649
1624449129293850511,5977,1624449129294282856,iri_wam_link_base,-0.088783776211,-0.626920278393,0.383266256193,0.708405971527,0.703822433949,-0.050001733005,0.0171697307378
1624449129323920931,5978,1624449129324375662,iri_wam_link_base,-0.0894595364946,-0.628952617103,0.382736020026,0.708704590797,0.703618049622,-0.0486916154623,0.0169856455177
1624449129393943888,5979,1624449129394423418,iri_wam_link_base,-0.0899937348839,-0.633014274721,0.380592602393,0.708760380745,0.703969955444,-0.0422411821783,0.0173400174826
1624449129424051493,5980,1624449129424517534,iri_wam_link_base,-0.0901582896348,-0.6348203185,0.3792290075,0.708597362041,0.704126298428,-0.042710121721,0.0164881292731
1624449129494062823,5981,1624449129494555620,iri_wam_link_base,-0.0901863920241,-0.638136583348,0.374701637022,0.70841306448,0.704453766346,-0.0411822833121,0.0141369700432
1624449129525252690,5982,1624449129524646878,iri_wam_link_base,-0.0900814887712,-0.639459973696,0.372595303396,0.708258211613,0.704686284065,-0.0402358025312,0.0129854762927
1624449129595264186,5983,1624449129595646889,iri_wam_link_base,-0.0901549938632,-0.641745986944,0.368804575473,0.708346486092,0.704730927944,-0.0385107472539,0.0107929678634
1624449129625378077,5984,1624449129625849957,iri_wam_link_base,-0.0901129784924,-0.642516138867,0.367573683776,0.708317697048,0.704798161983,-0.037951759994,0.010255320929
1624449129695409595,5985,1624449129695880440,iri_wam_link_base,-0.0898703326344,-0.644796266173,0.365609436928,0.707997441292,0.705116331577,-0.0381876453757,0.00960410293192
1624449129725511839,5986,1624449129726001926,iri_wam_link_base,-0.0897225962749,-0.646008011697,0.364888904172,0.707853794098,0.70523416996,-0.0387138575315,0.0094371791929
1624449129795622135,5987,1624449129796039314,iri_wam_link_base,-0.0894332560021,-0.64947131205,0.362295860378,0.707534968853,0.70551109314,-0.0396933481097,0.00853120721877
1624449129825659268,5988,1624449129826131546,iri_wam_link_base,-0.0893537089953,-0.65112151855,0.360532075076,0.707537233829,0.705517947674,-0.0396618880332,0.00790133140981
1624449129895862303,5989,1624449129896174048,iri_wam_link_base,-0.0893147542412,-0.654846840125,0.354902672577,0.707828581333,0.705326616764,-0.0379899181426,0.00706112431362
1624449129925865644,5990,1624449129926270166,iri_wam_link_base,-0.0894908933727,-0.656619919705,0.352710549915,0.708009600639,0.705155849457,-0.0378572717309,0.00667309621349
1624449129995881192,5991,1624449129996305594,iri_wam_link_base,-0.0904294666389,-0.660896857283,0.349313131594,0.708358347416,0.704691290855,-0.0401421971619,0.00522336410359
1624449130025925500,5992,1624449130026404054,iri_wam_link_base,-0.0907694944881,-0.662649419494,0.348370883081,0.708436191082,0.704546093941,-0.0413640625775,0.00468576466665
1624449130096091961,5993,1624449130096445367,iri_wam_link_base,-0.091180349017,-0.665832021193,0.345523077286,0.707910120487,0.705123662949,-0.0403455533087,0.00601081410423
1624449130126171575,5994,1624449130126563564,iri_wam_link_base,-0.0911296246606,-0.667074402135,0.343825177664,0.708032786846,0.705032348633,-0.0394037142396,0.00814421381801
1624449130196191091,5995,1624449130196592070,iri_wam_link_base,-0.0915175043643,-0.669394942228,0.339619266112,0.708058655262,0.705123305321,-0.0373330339789,0.00776478368789
1624449130227337119,5996,1624449130227800326,iri_wam_link_base,-0.0915461888332,-0.670489511935,0.337784225693,0.70808416605,0.705118477345,-0.0369169861078,0.00786845199764
1624449130297442941,5997,1624449130296723105,iri_wam_link_base,-0.0913756796735,-0.67296873598,0.334215689882,0.708063066006,0.70511496067,-0.0367862731218,0.0103123225272
1624449130327516108,5998,1624449130327965810,iri_wam_link_base,-0.0909946237696,-0.673805064135,0.333140986022,0.707806408405,0.705403506756,-0.036185387522,0.0103245005012
1624449130397583069,5999,1624449130397909095,iri_wam_link_base,-0.0900399867006,-0.674672894787,0.333055774055,0.707432985306,0.705800354481,-0.0353955626488,0.0114731779322
1624449130427669465,6000,1624449130428105600,iri_wam_link_base,-0.0894907800964,-0.674596415453,0.33382304037,0.707570493221,0.705741524696,-0.0332131460309,0.013032018207
1624449130497689182,6001,1624449130498063426,iri_wam_link_base,-0.0884665980328,-0.674419839214,0.335550429889,0.70777708292,0.705667495728,-0.0286281220615,0.01629229635
1624449130527767770,6002,1624449130528239695,iri_wam_link_base,-0.0882205755279,-0.674341629777,0.335750859405,0.707691311836,0.705771327019,-0.0280475988984,0.0165306515992
1624449130597879131,6003,1624449130598211699,iri_wam_link_base,-0.0870941769202,-0.673790295836,0.336035432233,0.707934081554,0.705721139908,-0.021281035617,0.0182792767882
1624449130627905876,6004,1624449130628376056,iri_wam_link_base,-0.0868553181493,-0.673690809767,0.336167317602,0.707845509052,0.705825746059,-0.0208237823099,0.0181954223663
1624449130697887845,6005,1624449130698347508,iri_wam_link_base,-0.0853112863665,-0.672995829214,0.336425092378,0.707655310631,0.706206858158,-0.0141945332289,0.0171581599861
1624449130728028896,6006,1624449130728511310,iri_wam_link_base,-0.0845606633519,-0.67280522166,0.336654703831,0.707521617413,0.706369757652,-0.0123132430017,0.0174156650901
1624449130798130459,6007,1624449130798483511,iri_wam_link_base,-0.0821583580472,-0.672307432674,0.337656542795,0.706565797329,0.707370221615,-0.0110244499519,0.0164488479495
1624449130829403061,6008,1624449130828669089,iri_wam_link_base,-0.0807821145496,-0.6720030852,0.338320444574,0.705957651138,0.707987368107,-0.0101382937282,0.0165807474405
1624449130898212317,6009,1624449130898620995,iri_wam_link_base,-0.0774707829009,-0.670682318599,0.340168831566,0.70560157299,0.708444774151,-0.0061599756591,0.0139471739531
1624449130929464816,6010,1624449130929928049,iri_wam_link_base,-0.0756693999837,-0.670148714145,0.341109801498,0.705969572067,0.708096385002,-0.00459897890687,0.0136144431308
1624449130999342316,6011,1624449130998749909,iri_wam_link_base,-0.0724629037331,-0.669090019023,0.342673540409,0.705914616585,0.708200395107,-0.00165250850841,0.0115783503279
1624449131029622715,6012,1624449131030078676,iri_wam_link_base,-0.0710425901466,-0.668589336023,0.343333349996,0.705866158009,0.708277285099,-0.000610891205724,0.00978817790747
1624449131099561133,6013,1624449131099934352,iri_wam_link_base,-0.0677939239292,-0.667935803739,0.344605203048,0.705536723137,0.708606302738,0.000982846482657,0.00970104523003
1624449131129744345,6014,1624449131130227294,iri_wam_link_base,-0.0665617563914,-0.667683321046,0.344952281325,0.705295979977,0.708855509758,0.00185653415974,0.00883806869388
1624449131199701211,6015,1624449131200090238,iri_wam_link_base,-0.0637975253587,-0.666968774072,0.345552766731,0.705188751221,0.708978593349,0.00511590763927,0.00564729841426
1624449131229885984,6016,1624449131230360961,iri_wam_link_base,-0.0624032264183,-0.666730643456,0.345962555297,0.705340027809,0.708821177483,0.00576343294233,0.00589757179841
1624449131299793264,6017,1624449131300227088,iri_wam_link_base,-0.0586350951243,-0.665556227061,0.347057043633,0.704761743546,0.709374368191,0.00898594409227,0.0042602554895
1624449131329993047,6018,1624449131330496509,iri_wam_link_base,-0.0566154455339,-0.664533642273,0.346940131588,0.70535171032,0.708759129047,0.0117167541757,0.0014656354906
1624449131399959073,6019,1624449131400356169,iri_wam_link_base,-0.0499445925244,-0.660952220461,0.344017589738,0.705144107342,0.708728373051,0.0217820256948,-0.00120744085871
1624449131430142491,6020,1624449131430631530,iri_wam_link_base,-0.0463579570608,-0.658864161607,0.342010367902,0.704932868481,0.708736419678,0.0274995490909,-0.00245506968349
1624449131500105833,6021,1624449131500494033,iri_wam_link_base,-0.0370256769056,-0.652706897623,0.337623532037,0.7044724226,0.708792328835,0.0359413847327,-0.00634626625106
1624449131531345265,6022,1624449131530769497,iri_wam_link_base,-0.0329321019043,-0.649602146306,0.336215043774,0.705363929272,0.70792388916,0.0350887700915,-0.00861444976181
1624449131600291769,6023,1624449131600627894,iri_wam_link_base,-0.0238429967713,-0.640402504718,0.333747213315,0.705375432968,0.707998394966,0.031294118613,-0.0143004404381
1624449131631512987,6024,1624449131631978551,iri_wam_link_base,-0.0204885116039,-0.63561577321,0.332689974211,0.704714238644,0.708678007126,0.0296946447343,-0.0164801999927
1624449131701339710,6025,1624449131700756690,iri_wam_link_base,-0.014200109233,-0.625526387789,0.329603673471,0.705513298512,0.707995355129,0.0284849498421,-0.0134948976338
1624449131731633084,6026,1624449131732130148,iri_wam_link_base,-0.0117233147072,-0.620837704665,0.327576958372,0.704790771008,0.708767771721,0.0280592143536,-0.0114431874827
1624449131801448795,6027,1624449131801820240,iri_wam_link_base,-0.00650841403021,-0.611299956316,0.322092340008,0.705315053463,0.70839381218,0.0250582955778,-0.00899862404913
1624449131831766142,6028,1624449131832258254,iri_wam_link_base,-0.00389378234591,-0.607662457557,0.319611263402,0.705345928669,0.70838791132,0.0249022617936,-0.00731822056696
1624449131901675946,6029,1624449131902040131,iri_wam_link_base,0.00278305869156,-0.600395924364,0.315329945289,0.70464360714,0.709104597569,0.0246098246425,-0.00651437137276
1624449131931854674,6030,1624449131932390536,iri_wam_link_base,0.00623401634257,-0.597426684564,0.314375356663,0.704936504364,0.708781659603,0.0253541152924,-0.00708701927215
1624449132001818445,6031,1624449132002202934,iri_wam_link_base,0.0141253049222,-0.590539534564,0.313077014402,0.705121636391,0.708662211895,0.0227518882602,-0.00914957281202
1624449132032029349,6032,1624449132032522195,iri_wam_link_base,0.0178223615209,-0.587307104646,0.312616015201,0.705166876316,0.708601117134,0.0229844599962,-0.00978690758348
1624449132101934571,6033,1624449132102332783,iri_wam_link_base,0.0256415065483,-0.579630706435,0.310176217043,0.704999923706,0.708772003651,0.0228064786643,-0.00985912233591
1624449132132153310,6034,1624449132132651906,iri_wam_link_base,0.0286703810428,-0.576320497587,0.30809887076,0.704789817333,0.709014475346,0.0224624183029,-0.00808097235858
1624449132202057891,6035,1624449132202463093,iri_wam_link_base,0.0345312739492,-0.56798025864,0.301881484476,0.705624341965,0.708180010319,0.0228272695094,-0.00736968033016
1624449132233334624,6036,1624449132232789174,iri_wam_link_base,0.0367193195786,-0.564773995194,0.299490987499,0.705043554306,0.708794295788,0.0219602175057,-0.00648168101907
1624449132302222382,6037,1624449132302610786,iri_wam_link_base,0.0425270226198,-0.557605674731,0.295160837218,0.704165220261,0.709581017494,0.0251429323107,-0.00373486289755
1624449132333487086,6038,1624449132333973895,iri_wam_link_base,0.0452685792478,-0.554413380409,0.293614640999,0.704727649689,0.709004402161,0.0255848262459,-0.00413715373725
1624449132402283043,6039,1624449132402743166,iri_wam_link_base,0.0519363939316,-0.547675103522,0.290507026654,0.70470148325,0.708996117115,0.0261550564319,-0.00601763324812
1624449132433684104,6040,1624449132434115455,iri_wam_link_base,0.0557865836897,-0.544701189056,0.288824162663,0.704433441162,0.709298551083,0.0255911629647,-0.00375969638117
1624449132503510345,6041,1624449132502874362,iri_wam_link_base,0.0641047486977,-0.537446013146,0.284708884847,0.704659461975,0.70909178257,0.0249197650701,-0.00478923460469
1624449132533796432,6042,1624449132534297155,iri_wam_link_base,0.0675004819508,-0.534190313268,0.282707117822,0.70420396328,0.70952963829,0.0251355729997,-0.00572142004967
1624449132603666778,6043,1624449132604078570,iri_wam_link_base,0.0750367142981,-0.52742092637,0.278711944146,0.704805672169,0.708974957466,0.0233473349363,-0.00763854943216
1624449132633962685,6044,1624449132634431671,iri_wam_link_base,0.0779389139728,-0.524861171253,0.277345570171,0.703881621361,0.709889829159,0.0235655214638,-0.0071949926205
1624449132703862369,6045,1624449132704236371,iri_wam_link_base,0.0843896361295,-0.518584663869,0.274717922862,0.703718304634,0.709945678711,0.0266489833593,-0.00689358031377
1624449132734212173,6046,1624449132734585288,iri_wam_link_base,0.0871003792496,-0.516031279964,0.273824965775,0.704263985157,0.709427714348,0.0262846201658,-0.00580734061077
1624449132803915388,6047,1624449132804367498,iri_wam_link_base,0.0933787227805,-0.509069068663,0.271902348382,0.703432142735,0.710071742535,0.0303636007011,-0.00770669197664
1624449132834275234,6048,1624449132834768456,iri_wam_link_base,0.0961158965489,-0.50607292832,0.270840537688,0.703325212002,0.710260152817,0.028454111889,-0.00737909367308
1624449132904196479,6049,1624449132904503695,iri_wam_link_base,0.103340159295,-0.49761078502,0.267422174376,0.704215705395,0.709529936314,0.0242218393832,-0.00779838766903
1624449132935592722,6050,1624449132934905652,iri_wam_link_base,0.106924188749,-0.493446663896,0.265430675802,0.704691231251,0.709111332893,0.0230079609901,-0.00648451829329
1624449133004167726,6051,1624449133004644859,iri_wam_link_base,0.114398273923,-0.484688649802,0.261470104682,0.705078065395,0.708809614182,0.0204063151032,-0.00611426122487
1624449133035695823,6052,1624449133036184674,iri_wam_link_base,0.117757047651,-0.481283843664,0.260087006465,0.70515537262,0.708772718906,0.019549112767,-0.00386727275327
1624449133104338689,6053,1624449133104777113,iri_wam_link_base,0.123586385702,-0.474812293943,0.257832142268,0.705216526985,0.708608925343,0.0225025434047,-0.00605339650065
1624449133135873056,6054,1624449133136319382,iri_wam_link_base,0.126295098914,-0.472489458753,0.256690124615,0.705543279648,0.708324015141,0.0213463194668,-0.00548481428996
1624449133205525298,6055,1624449133204910297,iri_wam_link_base,0.132421288837,-0.46672986184,0.253175157947,0.704145312309,0.709532558918,0.0266988370568,-0.00548570323735
1624449133236024778,6056,1624449133236451380,iri_wam_link_base,0.135401744888,-0.463853114605,0.250927482061,0.704691708088,0.708932936192,0.0280164834112,-0.00622153328732
1624449133305798188,6057,1624449133306152852,iri_wam_link_base,0.142486010679,-0.457336564466,0.245068915416,0.705027580261,0.708738327026,0.024444218725,-0.00534154567868
1624449133336279391,6058,1624449133336604033,iri_wam_link_base,0.144515574342,-0.454589144139,0.242367849141,0.704860627651,0.708943724632,0.0230382140726,-0.00628483342007
1624449133405808651,6059,1624449133406295928,iri_wam_link_base,0.146186397435,-0.449324597239,0.235282708785,0.705027222633,0.708970665932,0.0149996737018,-0.00849978532642
1624449133436383939,6060,1624449133436783767,iri_wam_link_base,0.145971302818,-0.447310346738,0.232278136032,0.705090045929,0.708933055401,0.0133813368157,-0.00910383090377
1624449133505944205,6061,1624449133506427420,iri_wam_link_base,0.145011886972,-0.44269172663,0.225896618155,0.705612123013,0.708458065987,0.0123889483511,-0.00672714691609
1624449133537579068,6062,1624449133536920368,iri_wam_link_base,0.144577849689,-0.440855295164,0.223548721683,0.705456972122,0.708641290665,0.0113195227459,-0.00545869907364
1624449133606115229,6063,1624449133606559498,iri_wam_link_base,0.144432943148,-0.436771649064,0.218620322658,0.705964744091,0.708092272282,0.013782559894,-0.00540007185191
1624449133637728896,6064,1624449133638174130,iri_wam_link_base,0.144532370632,-0.435244392311,0.2163220264,0.704936563969,0.709137499332,0.0127984154969,-0.00497029721737
1624449133706205652,6065,1624449133706693235,iri_wam_link_base,0.144757326668,-0.431213615006,0.21086652886,0.704979479313,0.70908921957,0.0133717358112,-0.0041933991015
1624449133737846100,6066,1624449133738345755,iri_wam_link_base,0.144859993909,-0.429030507323,0.207940255907,0.705267012119,0.708786606789,0.0140261119232,-0.00482416478917
1624449133806335479,6067,1624449133806822485,iri_wam_link_base,0.146087437233,-0.425166133754,0.201497647436,0.704654157162,0.709412097931,0.0135492784902,-0.00366627331823
1624449133838045110,6068,1624449133838479567,iri_wam_link_base,0.146872902268,-0.423487922414,0.19857781738,0.705494582653,0.708555042744,0.0139710875228,-0.00565241789445
1624449133907523517,6069,1624449133906955349,iri_wam_link_base,0.147946627431,-0.4200446894,0.192298879307,0.704629719257,0.709439814091,0.0120002580807,-0.00693408120424
1624449133938107367,6070,1624449133938611583,iri_wam_link_base,0.14820999297,-0.418281026315,0.189305478861,0.705419361591,0.708656847477,0.0119260260835,-0.00683590723202
1624449134007709288,6071,1624449134008159483,iri_wam_link_base,0.148567839162,-0.415039707686,0.182860417908,0.704388201237,0.709696233273,0.0111650787294,-0.00662316894159
1624449134038250170,6072,1624449134038748026,iri_wam_link_base,0.148389121422,-0.413828426283,0.180212129849,0.704734563828,0.709308922291,0.0124429641291,-0.00867329631001
1624449134107856249,6073,1624449134108318601,iri_wam_link_base,0.148122652969,-0.410777548428,0.173608587407,0.704919815063,0.709164738655,0.0110288169235,-0.00719894934446
1624449134138433958,6074,1624449134138899198,iri_wam_link_base,0.148176500845,-0.408835411865,0.170536302641,0.705016374588,0.70905649662,0.0121940039098,-0.00649128621444
1624449134207964571,6075,1624449134208448429,iri_wam_link_base,0.148363737292,-0.404636834527,0.163700834964,0.705176830292,0.70887774229,0.0133869349957,-0.00623421883211
1624449134239654638,6076,1624449134239982192,iri_wam_link_base,0.148435938379,-0.403476839857,0.160909551667,0.705239415169,0.708817958832,0.0133022805676,-0.00613054586574
1624449134308080764,6077,1624449134308576532,iri_wam_link_base,0.148524802713,-0.401436247392,0.155355589748,0.705135762691,0.708903133869,0.0136998500675,-0.00722894957289
1624449134339809897,6078,1624449134340229315,iri_wam_link_base,0.148811453054,-0.402252618125,0.153545526388,0.704894065857,0.709209680557,0.0115325693041,-0.00359503738582
1624449134408256442,6079,1624449134408719848,iri_wam_link_base,0.149172295597,-0.405451043533,0.150987665746,0.705425858498,0.708740055561,0.00635381462052,0.00463887304068
1624449134439981774,6080,1624449134440398783,iri_wam_link_base,0.148877225677,-0.407088502211,0.149971043817,0.705303430557,0.708848059177,0.0039428062737,0.00812059827149
1624449134508414316,6081,1624449134508883341,iri_wam_link_base,0.148409123367,-0.412199809301,0.149284680613,0.705981612206,0.708116948605,0.000601298990659,0.0126502355561
1624449134540197496,6082,1624449134540582171,iri_wam_link_base,0.148447053292,-0.41584498087,0.149834187416,0.706722021103,0.70731908083,-0.00125667674001,0.0155594171956
1624449134609628120,6083,1624449134609017932,iri_wam_link_base,0.149283993092,-0.424345514126,0.152002735728,0.7078307271,0.705965518951,-0.00618286663666,0.0234546605498
1624449134640297291,6084,1624449134640720630,iri_wam_link_base,0.149622616249,-0.428124632847,0.15307488681,0.707697451115,0.705988287926,-0.00869947392493,0.0258688088506
1624449134709741800,6085,1624449134710221229,iri_wam_link_base,0.149611270259,-0.435072625821,0.154752914454,0.707524061203,0.706037998199,-0.0133358007297,0.027244515717
1624449134740547657,6086,1624449134740854118,iri_wam_link_base,0.149430488045,-0.437822790925,0.155164851423,0.707903385162,0.705579519272,-0.0149804102257,0.0283879879862
1624449134809982747,6087,1624449134810377256,iri_wam_link_base,0.149129469124,-0.444245176975,0.15646610734,0.708234727383,0.705149412155,-0.0175933372229,0.0292981043458
1624449134841779295,6088,1624449134841007588,iri_wam_link_base,0.149355559698,-0.447299432109,0.157642149794,0.70788359642,0.705456495285,-0.0183542799205,0.0299183558673
1624449134910090713,6089,1624449134910542041,iri_wam_link_base,0.150146801625,-0.455411261691,0.16171915525,0.708422362804,0.704906702042,-0.0207009762526,0.0285601262003
1624449134941821887,6090,1624449134942302062,iri_wam_link_base,0.150605512932,-0.459560789674,0.16407935529,0.708306908607,0.705048382282,-0.0214309990406,0.0273664444685
1624449135010177908,6091,1624449135010673867,iri_wam_link_base,0.151538449208,-0.467898078048,0.168954171927,0.708435177803,0.704967617989,-0.0217774622142,0.0258063338697
1624449135041943054,6092,1624449135042435261,iri_wam_link_base,0.15168199521,-0.471059168024,0.170695858699,0.708075344563,0.705356061459,-0.0219972226769,0.0248654782772
1624449135110322509,6093,1624449135110803247,iri_wam_link_base,0.152060909282,-0.476412955171,0.173671973192,0.708454012871,0.705009698868,-0.0209559779614,0.0247992370278
1624449135142222362,6094,1624449135142566942,iri_wam_link_base,0.152240235028,-0.479029060271,0.175034780963,0.708284139633,0.705168068409,-0.0205625407398,0.0254686772823
1624449135210475556,6095,1624449135210941649,iri_wam_link_base,0.152641680807,-0.48560411695,0.179046812566,0.709476411343,0.703949332237,-0.0203941781074,0.0261271446943
1624449135242198637,6096,1624449135242693689,iri_wam_link_base,0.152783841508,-0.489129988583,0.181498049575,0.709557950497,0.703862071037,-0.0220785867423,0.0248629003763
1624449135311694465,6097,1624449135311075356,iri_wam_link_base,0.153367422389,-0.496043280257,0.187226398469,0.710139155388,0.703309297562,-0.0242161154747,0.0217248164117
1624449135342365444,6098,1624449135342824354,iri_wam_link_base,0.153598568938,-0.497524483022,0.188957437913,0.709489941597,0.704172313213,-0.0213192179799,0.0176337901503
1624449135411799097,6099,1624449135412290254,iri_wam_link_base,0.153509869787,-0.497842112324,0.189298030835,0.709066987038,0.704803287983,-0.0167460534722,0.0139965629205
1624449135442497120,6100,1624449135442951608,iri_wam_link_base,0.153303216987,-0.49787058494,0.189063670722,0.70901465416,0.704892158508,-0.0159475058317,0.0130777619779
1624449135511989192,6101,1624449135512435812,iri_wam_link_base,0.153048243521,-0.498042225018,0.188832649168,0.708975970745,0.704933702946,-0.016032833606,0.0128239281476
1624449135543672243,6102,1624449135543091477,iri_wam_link_base,0.153060415084,-0.498038910163,0.188819666255,0.708956480026,0.704953551292,-0.0160461757332,0.0127944750711
1624449135612193115,6103,1624449135612564846,iri_wam_link_base,0.152992389999,-0.498113059223,0.188762012953,0.708867669106,0.705044031143,-0.0160561557859,0.0127203911543
1624449135643861831,6104,1624449135644338014,iri_wam_link_base,0.152937582754,-0.498157469781,0.188701084281,0.708909392357,0.70500254631,-0.0160540807992,0.0126939397305
1624449135712167004,6105,1624449135712699923,iri_wam_link_base,0.152888299076,-0.498185474463,0.188655213923,0.708857178688,0.705056488514,-0.0160709749907,0.0125940237194
1624449135743982951,6106,1624449135744471349,iri_wam_link_base,0.152871452642,-0.498185763467,0.188668102091,0.708870947361,0.705042183399,-0.0160878840834,0.0125988982618
1624449135812368188,6107,1624449135812830454,iri_wam_link_base,0.152878098511,-0.498198840003,0.188640056567,0.70885682106,0.705056488514,-0.0160633902997,0.012620667927
1624449135844172138,6108,1624449135844609692,iri_wam_link_base,0.152846379758,-0.498209468569,0.1886376891,0.708848416805,0.70506477356,-0.0160827916116,0.0126070156693
1624449135912669046,6109,1624449135912965800,iri_wam_link_base,0.15281891377,-0.498234640483,0.18857880447,0.708863914013,0.705051779747,-0.0160376913846,0.0125181563199
1624449135944279996,6110,1624449135944753928,iri_wam_link_base,0.15278449731,-0.49825228459,0.188548194541,0.708870112896,0.705046713352,-0.0160514246672,0.0124375810847
1624449136013577516,6111,1624449136013096206,iri_wam_link_base,0.152772320059,-0.498255598096,0.188561183886,0.708869457245,0.70504629612,-0.0160589255393,0.0124868042767
1624449136044408782,6112,1624449136044889334,iri_wam_link_base,0.1527894733,-0.498249757874,0.18854806698,0.708879113197,0.705038368702,-0.0160076599568,0.0124518768862
1624449136113750539,6113,1624449136114160953,iri_wam_link_base,0.152774599917,-0.498260091374,0.188532811201,0.708856940269,0.705060958862,-0.0160101354122,0.0124333519489
1624449136144534199,6114,1624449136145023401,iri_wam_link_base,0.152774906526,-0.498254538446,0.188532586442,0.708880364895,0.705038666725,-0.0159757789224,0.0124033018947
1624449136213919816,6115,1624449136214351104,iri_wam_link_base,0.152742878616,-0.498270710744,0.188530447891,0.70884847641,0.705069243908,-0.0160295236856,0.0124197024852
1624449136245763374,6116,1624449136245158063,iri_wam_link_base,0.152760033036,-0.498264870885,0.188517330888,0.708882629871,0.705035984516,-0.0160105414689,0.0123822558671
1624449136314050634,6117,1624449136314502452,iri_wam_link_base,0.152742878616,-0.498270710744,0.188530447891,0.708884716034,0.705032765865,-0.0160288866609,0.0124205257744
1624449136345863404,6118,1624449136346346239,iri_wam_link_base,0.152742878616,-0.498270710744,0.188530447891,0.70884847641,0.705069243908,-0.0160295236856,0.0124197024852
1624449136414143727,6119,1624449136414634864,iri_wam_link_base,0.15275115868,-0.498303160393,0.188520921621,0.708850860596,0.705066502094,-0.0160328000784,0.0124353962019
1624449136445992839,6120,1624449136446500458,iri_wam_link_base,0.152734003664,-0.498308999487,0.188534040713,0.708841204643,0.705074429512,-0.0160840731114,0.0124703152105
1624449136514307914,6121,1624449136514763259,iri_wam_link_base,0.152750852233,-0.498308713145,0.188521147084,0.708827376366,0.705088794231,-0.0160671602935,0.0124654443935
1624449136546168657,6122,1624449136546639223,iri_wam_link_base,0.152734310329,-0.498303446753,0.188533815073,0.708864629269,0.70505219698,-0.0160497128963,0.0124402698129
1624449136614426700,6123,1624449136614895991,iri_wam_link_base,0.152736591229,-0.498307938474,0.188505440649,0.708888292313,0.705030441284,-0.0160002820194,0.0123876491562
1624449136646321152,6124,1624449136646780108,iri_wam_link_base,0.152736283929,-0.49831349136,0.188505665496,0.708864867687,0.705052733421,-0.0160346403718,0.0124176945537
1624449136714548777,6125,1624449136715022635,iri_wam_link_base,0.152713129904,-0.498291371899,0.188499937882,0.708876550198,0.705041646957,-0.0160332024097,0.0123842982575
1624449136746423667,6126,1624449136746910498,iri_wam_link_base,0.152728311681,-0.49827548896,0.188514968129,0.708885908127,0.705033183098,-0.0159970037639,0.0123719545081
1624449136815671887,6127,1624449136815155447,iri_wam_link_base,0.152713129904,-0.498291371899,0.188499937882,0.708840370178,0.705077946186,-0.0160338375717,0.0123834740371
1624449136846567760,6128,1624449136847039056,iri_wam_link_base,0.152729977826,-0.498291085469,0.188487044515,0.708826541901,0.705092251301,-0.0160169266164,0.0123786022887
1624449136915908685,6129,1624449136916226128,iri_wam_link_base,0.152736283929,-0.49831349136,0.188505665496,0.708828687668,0.705089092255,-0.0160352792591,0.0124168694019
1624449136948005891,6130,1624449136947184273,iri_wam_link_base,0.152729977826,-0.498291085469,0.188487044515,0.708826541901,0.705092251301,-0.0160169266164,0.0123786022887
1624449137016134763,6131,1624449137016453108,iri_wam_link_base,0.152719435414,-0.498313777467,0.188518559452,0.708842337132,0.705074906349,-0.0160521939397,0.012421743013
1624449137048101353,6132,1624449137048556974,iri_wam_link_base,0.152719435414,-0.498313777467,0.188518559452,0.708842337132,0.705074906349,-0.0160521939397,0.012421743013
1624449137116191263,6133,1624449137116589285,iri_wam_link_base,0.152736283929,-0.49831349136,0.188505665496,0.708828687668,0.705089092255,-0.0160352792591,0.0124168694019
1624449137148257192,6134,1624449137148694209,iri_wam_link_base,0.152736283929,-0.49831349136,0.188505665496,0.708792388439,0.705125570297,-0.0160359181464,0.0124160470441
1624449137216258292,6135,1624449137216723708,iri_wam_link_base,0.152729977826,-0.498291085469,0.188487044515,0.708826541901,0.705092251301,-0.0160169266164,0.0123786022887
1624449137248406635,6136,1624449137248835593,iri_wam_link_base,0.152698562753,-0.498296147996,0.188484458569,0.708841502666,0.705078423023,-0.0160019490868,0.0123349074274
1624449137316386220,6137,1624449137316863594,iri_wam_link_base,0.152721101975,-0.498329373999,0.188490634711,0.708819270134,0.70509749651,-0.0160714779049,0.01242921222
1624449137348533263,6138,1624449137348996629,iri_wam_link_base,0.152715103149,-0.4983014147,0.18847178917,0.708804368973,0.705114901066,-0.0160194002092,0.01236007642
1624449137416563471,6139,1624449137417003974,iri_wam_link_base,0.152721408854,-0.498323821261,0.18849040948,0.708806395531,0.70511174202,-0.0160377565771,0.0123983435333
1624449137448637263,6140,1624449137449130176,iri_wam_link_base,0.152721408854,-0.498323821261,0.18849040948,0.708806395531,0.70511174202,-0.0160377565771,0.0123983435333
1624449137516682316,6141,1624449137517142818,iri_wam_link_base,0.152721408854,-0.498323821261,0.18849040948,0.708806395531,0.70511174202,-0.0160377565771,0.0123983435333
1624449137549855165,6142,1624449137549262863,iri_wam_link_base,0.152721408854,-0.498323821261,0.18849040948,0.708806395531,0.70511174202,-0.0160377565771,0.0123983435333
1624449137617897555,6143,1624449137617274454,iri_wam_link_base,0.152706533455,-0.498334150094,0.188475153573,0.708820402622,0.705097973347,-0.0160395950079,0.0123806418851
1624449137649979171,6144,1624449137650452859,iri_wam_link_base,0.152706841188,-0.498328597222,0.188474928958,0.708843886852,0.705075621605,-0.0160052310675,0.0123505992815
1624449137718057554,6145,1624449137718495838,iri_wam_link_base,0.152706533455,-0.498334150094,0.188475153573,0.708820402622,0.705097973347,-0.0160395950079,0.0123806418851
1624449137750087644,6146,1624449137750612894,iri_wam_link_base,0.152689684613,-0.498334435692,0.188488048534,0.7088342309,0.705083549023,-0.0160565059632,0.0123855108395
1624449137818181713,6147,1624449137818635112,iri_wam_link_base,0.152706533455,-0.498334150094,0.188475153573,0.708820402622,0.705097973347,-0.0160395950079,0.0123806418851
1624449137850331797,6148,1624449137850740223,iri_wam_link_base,0.152685352822,-0.498322069962,0.188441278806,0.708832383156,0.705087244511,-0.0160230770707,0.0123246703297
1624449137918298936,6149,1624449137918769937,iri_wam_link_base,0.152674808727,-0.498344763205,0.188472793238,0.708848237991,0.705069720745,-0.0160583462566,0.0123678073287
1624449137950400194,6150,1624449137950868521,iri_wam_link_base,0.152691965681,-0.498338924996,0.188459673275,0.708857893944,0.705061852932,-0.0160070694983,0.012332896702
1624449138018468898,6151,1624449138018906377,iri_wam_link_base,0.152691657733,-0.49834447786,0.188459897774,0.708834469318,0.70508402586,-0.0160414334387,0.012362937443
1624449138050615649,6152,1624449138051020211,iri_wam_link_base,0.152683379897,-0.498312028785,0.188469428306,0.708832144737,0.705086767673,-0.0160381514579,0.0123472455889
1624449138118567341,6153,1624449138119047080,iri_wam_link_base,0.152685352822,-0.498322069962,0.188441278806,0.708796143532,0.705123662949,-0.0160237103701,0.0123238479719
1624449138150745138,6154,1624449138151201678,iri_wam_link_base,0.152685660727,-0.498316517077,0.188441054743,0.708819568157,0.705101430416,-0.0159893445671,0.0122938081622
1624449138218733184,6155,1624449138219184072,iri_wam_link_base,0.152687521542,-0.498283196819,0.188439720874,0.7089599967,0.704968035221,-0.0157831106335,0.0121135888621
1624449138251897992,6156,1624449138252286960,iri_wam_link_base,0.152676979277,-0.498305890337,0.188471231015,0.70897591114,0.704950451851,-0.0158183667809,0.0121567379683
1624449138320086588,6157,1624449138319323819,iri_wam_link_base,0.152665692862,-0.498286007552,0.188452740995,0.708928525448,0.704998493195,-0.0158444233239,0.012103324756
1624449138356528004,6158,1624449138355877502,iri_wam_link_base,0.152693514983,-0.498311158565,0.188458558283,0.708938717842,0.704987049103,-0.0158358383924,0.0121818929911
1624449138420193242,6159,1624449138420650814,iri_wam_link_base,0.152693826755,-0.498305604858,0.188458336785,0.708962082863,0.70496481657,-0.0158014595509,0.0121518587694
1624449138456668458,6160,1624449138457180668,iri_wam_link_base,0.152687833908,-0.498277642952,0.188439500313,0.708947241306,0.704982161522,-0.0157493483275,0.0120827453211
