%time,field.header.seq,field.header.stamp,field.header.frame_id,field.pose.position.x,field.pose.position.y,field.pose.position.z,field.pose.orientation.x,field.pose.orientation.y,field.pose.orientation.z,field.pose.orientation.w
1624449352208278965,10420,1624449352208771542,iri_wam_link_base,-0.00283841434941,-0.402611626082,0.343033087765,0.705816626549,0.708387553692,0.00283534498885,0.00139933312312
1624449352258502853,10421,1624449352258826021,iri_wam_link_base,-0.00281916379543,-0.40260743501,0.343033124062,0.705855548382,0.70834851265,0.00288679357618,0.0014006231213
1624449352308466543,10422,1624449352308911059,iri_wam_link_base,-0.00281555658276,-0.402600633829,0.342998575961,0.705854594707,0.708349347115,0.00292848143727,0.001362437848
1624449352358480862,10423,1624449352358960399,iri_wam_link_base,-0.00283386836665,-0.402607331776,0.343033124062,0.70586848259,0.708335638046,0.00288676773198,0.00140067585744
1624449352408728230,10424,1624449352409045177,iri_wam_link_base,-0.00283841434941,-0.402611626082,0.343033087765,0.705852985382,0.708351314068,0.00283541670069,0.00139918748755
1624449352458643107,10425,1624449352459095372,iri_wam_link_base,-0.00283841434941,-0.402611626082,0.343033087765,0.705852985382,0.708351314068,0.00283541670069,0.00139918748755
1624449352509850164,10426,1624449352509178457,iri_wam_link_base,-0.00283417606007,-0.402590851795,0.343009904123,0.705870509148,0.708333551884,0.00291900732554,0.00137296610046
1624449352559994356,10427,1624449352559236283,iri_wam_link_base,-0.00283386836665,-0.402607331776,0.343033124062,0.705904841423,0.708299398422,0.00288683967665,0.00140052766073
1624449352609988412,10428,1624449352610403044,iri_wam_link_base,-0.00283386836665,-0.402607331776,0.343033124062,0.70586848259,0.708335638046,0.00288676773198,0.00140067585744
1624449352659995226,10429,1624449352660465096,iri_wam_link_base,-0.00283417606007,-0.402590851795,0.343009904123,0.705870509148,0.708333551884,0.00291900732554,0.00137296610046
1624449352710295985,10430,1624449352710575524,iri_wam_link_base,-0.00283417606007,-0.402590851795,0.343009904123,0.705870509148,0.708333551884,0.00291900732554,0.00137296610046
1624449352760242461,10431,1624449352760608019,iri_wam_link_base,-0.00282401794032,-0.402595249483,0.343009867433,0.705842077732,0.708362102509,0.00286768213846,0.00137142615858
1624449352810249297,10432,1624449352810709517,iri_wam_link_base,-0.00283386836665,-0.402607331776,0.343033124062,0.70586848259,0.708335638046,0.00288676773198,0.00140067585744
1624449352860322245,10433,1624449352860741359,iri_wam_link_base,-0.00283386836665,-0.402607331776,0.343033124062,0.705904841423,0.708299398422,0.00288683967665,0.00140052766073
1624449352910362579,10434,1624449352910842849,iri_wam_link_base,-0.00281916379543,-0.40260743501,0.343033124062,0.70589196682,0.708312273026,0.00288686528802,0.00140047492459
1624449352960570855,10435,1624449352960877313,iri_wam_link_base,-0.00281555658276,-0.402600633829,0.342998575961,0.705854594707,0.708349347115,0.00292848143727,0.001362437848
1624449353010705166,10436,1624449353010974076,iri_wam_link_base,-0.00283417606007,-0.402590851795,0.343009904123,0.705834150314,0.708369791508,0.00291893701069,0.00137311615981
1624449353060566077,10437,1624449353061012308,iri_wam_link_base,-0.00283417606007,-0.402590851795,0.343009904123,0.705834150314,0.708369791508,0.00291893701069,0.00137311615981
1624449353110864919,10438,1624449353111109544,iri_wam_link_base,-0.00281555658276,-0.402600633829,0.342998575961,0.705781817436,0.708421885967,0.00292834104039,0.00136273866519
1624449353160760930,10439,1624449353161143179,iri_wam_link_base,-0.00283386836665,-0.402607331776,0.343033124062,0.705832064152,0.708371937275,0.00288669555448,0.00140082393773
1624449353211872989,10440,1624449353211243217,iri_wam_link_base,-0.00283049402101,-0.402612596948,0.34303313371,0.705884277821,0.708319842815,0.00287573575042,0.00145074934699
1624449353261919569,10441,1624449353261283418,iri_wam_link_base,-0.00283386836665,-0.402607331776,0.343033124062,0.70586848259,0.708335638046,0.00288676773198,0.00140067585744
1624449353312095279,10442,1624449353312450636,iri_wam_link_base,-0.00281916379543,-0.40260743501,0.343033124062,0.705855548382,0.70834851265,0.00288679357618,0.0014006231213
1624449353362286909,10443,1624449353362474976,iri_wam_link_base,-0.00282370962134,-0.402611729482,0.343033087765,0.705840051174,0.708364188671,0.00283544254489,0.00139913579915
1624449353412309575,10444,1624449353412602776,iri_wam_link_base,-0.00281916379543,-0.40260743501,0.343033124062,0.705855548382,0.70834851265,0.00288679357618,0.0014006231213
1624449353462217870,10445,1624449353462625625,iri_wam_link_base,-0.00281947209075,-0.40259095504,0.343009904123,0.705784797668,0.70841896534,0.00291889114305,0.0013732125517
1624449353512435220,10446,1624449353512746098,iri_wam_link_base,-0.00281555658276,-0.402600633829,0.342998575961,0.705854594707,0.708349347115,0.00292848143727,0.001362437848
1624449353562486098,10447,1624449353562763427,iri_wam_link_base,-0.00283417606007,-0.402590851795,0.343009904123,0.705870509148,0.708333551884,0.00291900732554,0.00137296610046
1624449353612518391,10448,1624449353612899899,iri_wam_link_base,-0.00283386836665,-0.402607331776,0.343033124062,0.70586848259,0.708335638046,0.00288676773198,0.00140067585744
1624449353662583824,10449,1624449353662911600,iri_wam_link_base,-0.00281947209075,-0.40259095504,0.343009904123,0.705857634544,0.708346426487,0.00291903270409,0.00137291278224
1624449353712682133,10450,1624449353713049988,iri_wam_link_base,-0.00281947209075,-0.40259095504,0.343009904123,0.705894052982,0.708310127258,0.00291910301894,0.00137276283931
1624449353762630765,10451,1624449353763058763,iri_wam_link_base,-0.00283841434941,-0.402611626082,0.343033087765,0.70588940382,0.708315014839,0.00283548864536,0.00139904185198
1624449353812736841,10452,1624449353813218161,iri_wam_link_base,-0.00280085225618,-0.402600736394,0.342998575961,0.705841720104,0.708362221718,0.00292850635014,0.00136238452978
1624449353862747441,10453,1624449353863201874,iri_wam_link_base,-0.00281555658276,-0.402600633829,0.342998575961,0.705891013145,0.708313107491,0.00292855128646,0.00136228743941
1624449353913917023,10454,1624449353914353969,iri_wam_link_base,-0.00283417606007,-0.402590851795,0.343009904123,0.705870509148,0.708333551884,0.00291900732554,0.00137296610046
1624449353964013724,10455,1624449353964304107,iri_wam_link_base,-0.00281947209075,-0.40259095504,0.343009904123,0.705857634544,0.708346426487,0.00291903270409,0.00137291278224
1624449354014103301,10456,1624449354014541271,iri_wam_link_base,-0.00281979390313,-0.402621408958,0.343021759025,0.705837070942,0.708367109299,0.00284489174373,0.00138866167981
1624449354064152636,10457,1624449354064592546,iri_wam_link_base,-0.00281978014932,-0.4025744731,0.342986685579,0.705859661102,0.70834428072,0.00295127159916,0.00134520267602
1624449354114245259,10458,1624449354114703630,iri_wam_link_base,-0.00283872206648,-0.402595146072,0.343009867433,0.70585501194,0.708349227905,0.00286765699275,0.00137147831265
1624449354164385606,10459,1624449354164748555,iri_wam_link_base,-0.00281916379543,-0.40260743501,0.343033124062,0.705819129944,0.708384811878,0.00288672139868,0.00140077120159
1624449354214379301,10460,1624449354214848133,iri_wam_link_base,-0.00280085225618,-0.402600736394,0.342998575961,0.705841720104,0.708362221718,0.00292850635014,0.00136238452978
1624449354264636867,10461,1624449354264899860,iri_wam_link_base,-0.00280085225618,-0.402600736394,0.342998575961,0.705841720104,0.708362221718,0.00292850635014,0.00136238452978
1624449354314601062,10462,1624449354314988548,iri_wam_link_base,-0.00281947209075,-0.40259095504,0.343009904123,0.705857634544,0.708346426487,0.00291903270409,0.00137291278224
1624449354364700175,10463,1624449354365052840,iri_wam_link_base,-0.00283841434941,-0.402611626082,0.343033087765,0.705852985382,0.708351314068,0.00283541670069,0.00139918748755
1624449354414829646,10464,1624449354415133144,iri_wam_link_base,-0.00283417606007,-0.402590851795,0.343009904123,0.705870509148,0.708333551884,0.00291900732554,0.00137296610046
1624449354464850634,10465,1624449354465199053,iri_wam_link_base,-0.00283417606007,-0.402590851795,0.343009904123,0.705870509148,0.708333551884,0.00291900732554,0.00137296610046
1624449354515906497,10466,1624449354515288723,iri_wam_link_base,-0.00281218202964,-0.402605898868,0.34299858503,0.705797612667,0.708406090736,0.00291730393656,0.00141281029209
1624449354566111382,10467,1624449354565338945,iri_wam_link_base,-0.00283417606007,-0.402590851795,0.343009904123,0.705870509148,0.708333551884,0.00291900732554,0.00137296610046
1624449354615976446,10468,1624449354616429282,iri_wam_link_base,-0.00283872206648,-0.402595146072,0.343009867433,0.70585501194,0.708349227905,0.00286765699275,0.00137147831265
1624449354666345741,10469,1624449354666567110,iri_wam_link_base,-0.00281586481532,-0.402584151237,0.342975357882,0.70585668087,0.708347260952,0.00296072033234,0.00133472739253
1624449354716180449,10470,1624449354716608441,iri_wam_link_base,-0.00282401794032,-0.402595249483,0.343009867433,0.705842077732,0.708362102509,0.00286768213846,0.00137142615858
1624449354766314145,10471,1624449354766771390,iri_wam_link_base,-0.00283417606007,-0.402590851795,0.343009904123,0.705870509148,0.708333551884,0.00291900732554,0.00137296610046
1624449354816313017,10472,1624449354816740337,iri_wam_link_base,-0.00281979390313,-0.402621408958,0.343021759025,0.705837070942,0.708367109299,0.00284489174373,0.00138866167981
1624449354866589074,10473,1624449354866908753,iri_wam_link_base,-0.00280085225618,-0.402600736394,0.342998575961,0.705878078938,0.708325982094,0.00292857596651,0.00136223412119
1624449354916494756,10474,1624449354916882970,iri_wam_link_base,-0.00281947209075,-0.40259095504,0.343009904123,0.705857634544,0.708346426487,0.00291903270409,0.00137291278224
1624449354966698096,10475,1624449354967047607,iri_wam_link_base,-0.00283872206648,-0.402595146072,0.343009867433,0.70585501194,0.708349227905,0.00286765699275,0.00137147831265
1624449355017219902,10476,1624449355017022988,iri_wam_link_base,-0.00283417606007,-0.402590851795,0.343009904123,0.705834150314,0.708369791508,0.00291893701069,0.00137311615981
1624449355066765464,10477,1624449355067184077,iri_wam_link_base,-0.00281672782219,-0.402610193174,0.342998548346,0.705854833126,0.70834928751,0.00286609889008,0.00141102448106
1624449355116730713,10478,1624449355117159814,iri_wam_link_base,-0.00278080223737,-0.402668503203,0.342936549068,0.705894291401,0.708309948444,0.00289147114381,0.00138798519038
1624449355167810495,10479,1624449355167327288,iri_wam_link_base,-0.00241640380325,-0.402968920119,0.342649661006,0.705692887306,0.708510756493,0.0028281500563,0.00144585629459
1624449355216824243,10480,1624449355217299398,iri_wam_link_base,-0.00151808750406,-0.403885350307,0.341889437651,0.705501973629,0.708701908588,0.00187034916598,0.0022503004875
1624449355268071146,10481,1624449355268414772,iri_wam_link_base,-0.000265240924249,-0.405119603163,0.340564019505,0.705345869064,0.708855450153,0.00227692420594,0.0024431028869
1624449355318135718,10482,1624449355317435879,iri_wam_link_base,0.0006586567086,-0.406882523735,0.338703261824,0.705525577068,0.708681643009,0.00170943664853,0.00103232299443
1624449355368255926,10483,1624449355368682315,iri_wam_link_base,0.00133131051189,-0.409098393446,0.336258405231,0.705823361874,0.708384156227,0.00227845832705,-0.000366688123904
1624449355418382537,10484,1624449355418638578,iri_wam_link_base,0.00202814170436,-0.412250455043,0.33317115108,0.706719875336,0.707491695881,0.00135484244674,0.000818459840957
1624449355468377654,10485,1624449355468839101,iri_wam_link_base,0.00275022197128,-0.415357298886,0.329607130786,0.706684589386,0.707524001598,0.00204674899578,-0.00158034008928
1624449355518417606,10486,1624449355518788962,iri_wam_link_base,0.00323921614902,-0.418813044231,0.325853702078,0.706421673298,0.707777798176,4.07486149925e-05,-0.00436489610001
1624449355568531256,10487,1624449355568982509,iri_wam_link_base,0.0038428681259,-0.422020443079,0.32221935848,0.707552194595,0.706644117832,0.000883921980858,-0.00481604784727
1624449355618638047,10488,1624449355618919800,iri_wam_link_base,0.00381592862103,-0.424721296786,0.319064296629,0.708181142807,0.706004083157,0.00131631013937,-0.00600270507857
1624449355668649646,10489,1624449355669114103,iri_wam_link_base,0.00343067219606,-0.427016649754,0.316536234632,0.708134710789,0.706037640572,-0.000692022498697,-0.00745237059891
1624449355718594019,10490,1624449355719055290,iri_wam_link_base,0.00345032966158,-0.429212700629,0.314476651833,0.708570897579,0.705603659153,-0.00379473995417,-0.0060287755914
1624449355768848550,10491,1624449355769254110,iri_wam_link_base,0.00383086560661,-0.43076858518,0.312807218974,0.708620011806,0.705552995205,-0.00460918108001,-0.00560662243515
1624449355818798262,10492,1624449355819190789,iri_wam_link_base,0.00425677231009,-0.432162627645,0.311141016084,0.708886444569,0.70528626442,-0.00427436083555,-0.00574111100286
1624449355869894599,10493,1624449355869419559,iri_wam_link_base,0.00466951017887,-0.433951371943,0.309209738299,0.70903134346,0.705152273178,-0.00441883318126,-0.00390023714863
1624449355918906113,10494,1624449355919321526,iri_wam_link_base,0.00472165529363,-0.435747127577,0.307021157378,0.708961069584,0.705221652985,-0.00399195915088,-0.00455127283931
1624449355970127300,10495,1624449355970491877,iri_wam_link_base,0.0046216036211,-0.438166378017,0.304343211224,0.709064126015,0.70511418581,-0.00524498987943,-0.0038136029616
1624449356020236139,10496,1624449356019460293,iri_wam_link_base,0.00481683189493,-0.440503690311,0.301544815763,0.709414839745,0.704766631126,-0.00490957591683,-0.00322938687168
1624449356070223638,10497,1624449356070705010,iri_wam_link_base,0.00544261004072,-0.443106544139,0.29837211437,0.709216475487,0.704971134663,-0.00454428372905,-0.00265547307208
1624449356120273263,10498,1624449356120655986,iri_wam_link_base,0.00804639407067,-0.445435456983,0.295142569235,0.708342313766,0.705859303474,-0.00240737129934,-0.00283814710565
1624449356170370824,10499,1624449356170831195,iri_wam_link_base,0.013031780669,-0.447831122885,0.29195567127,0.707220375538,0.70699262619,-0.000199714486371,-0.000871311640367
1624449356220388341,10500,1624449356220805410,iri_wam_link_base,0.018665873463,-0.450221648842,0.288372978092,0.706183791161,0.708023190498,0.00270656333305,-0.000537117652129
1624449356270545341,10501,1624449356270963657,iri_wam_link_base,0.0247159092841,-0.452607290097,0.284433527895,0.70553201437,0.708650708199,0.00605762936175,-0.0014560619602
1624449356320600325,10502,1624449356320939864,iri_wam_link_base,0.0312755146238,-0.454934995148,0.28065470326,0.705518066883,0.708635032177,0.00897640082985,-0.000347406516084
1624449356374506884,10503,1624449356373819852,iri_wam_link_base,0.0386398142135,-0.456719293769,0.27695959424,0.70546901226,0.708622932434,0.0128272995353,-0.00157745182514
1624449356420626997,10504,1624449356421079121,iri_wam_link_base,0.0452726640301,-0.457808012588,0.274329418357,0.704865455627,0.709160208702,0.0159216970205,-0.00172382674646
1624449356474640667,10505,1624449356475122249,iri_wam_link_base,0.0538042035957,-0.458381742144,0.271848341808,0.705221831799,0.708706378937,0.0198135506362,-0.00221694563515
1624449356520819723,10506,1624449356521209529,iri_wam_link_base,0.0609771307019,-0.458449492497,0.270295503569,0.705240011215,0.70860850811,0.0224954988807,-0.00210878741927
1624449356574803496,10507,1624449356575261995,iri_wam_link_base,0.0691023694392,-0.458179728997,0.268886967096,0.705033302307,0.70873016119,0.0250373482704,-0.00166144326795
1624449356620926207,10508,1624449356621344003,iri_wam_link_base,0.0758843982537,-0.457884488765,0.26771555033,0.704848468304,0.708840787411,0.0270532853901,-0.00122640561312
1624449356674882892,10509,1624449356675398601,iri_wam_link_base,0.0834671862611,-0.45798234855,0.265891158477,0.704860091209,0.708887338638,0.0254984200001,-0.000904346234165
1624449356721995310,10510,1624449356721477679,iri_wam_link_base,0.089832585652,-0.457983713933,0.263826644369,0.705008864403,0.708669781685,0.0273266416043,-0.0016933879815
1624449356776156755,10511,1624449356775532642,iri_wam_link_base,0.09820721217,-0.458186793142,0.260896031037,0.704384863377,0.709210813046,0.0292969495058,-0.00190496025607
1624449356822152461,10512,1624449356822564119,iri_wam_link_base,0.105495259884,-0.458532577382,0.258169317608,0.704651176929,0.708876311779,0.0309923309833,-0.000719850126188
1624449356876281120,10513,1624449356876770267,iri_wam_link_base,0.114055786259,-0.459205305025,0.254557360656,0.704015910625,0.709632277489,0.0279891174287,-0.000441741256509
1624449356922298353,10514,1624449356922747477,iri_wam_link_base,0.121633782015,-0.459130745476,0.251440759759,0.70455300808,0.709048986435,0.029143249616,-0.00230406946503
1624449356976524140,10515,1624449356976903531,iri_wam_link_base,0.13043735331,-0.459067762422,0.248027709479,0.703194081783,0.710456907749,0.0275596249849,-0.00308411777951
1624449357022489509,10516,1624449357022901611,iri_wam_link_base,0.137896922675,-0.458617725771,0.245327987873,0.703853428364,0.709781646729,0.0280207861215,-0.00390320341103
1624449357076609689,10517,1624449357077039180,iri_wam_link_base,0.144851642232,-0.458668354895,0.242722303865,0.704078495502,0.70973777771,0.0232001952827,-0.00274353404529
1624449357122582227,10518,1624449357123052568,iri_wam_link_base,0.146823870694,-0.459816315134,0.241695912156,0.703868567944,0.710233211517,0.0117042288184,0.000884852430318
1624449357176733977,10519,1624449357177176230,iri_wam_link_base,0.144759333844,-0.461207368575,0.241710881963,0.70492708683,0.709263086319,0.00386317213997,0.00294426269829
1624449357222697866,10520,1624449357223184871,iri_wam_link_base,0.140479436818,-0.462713890625,0.241994025638,0.707023918629,0.707180380821,-0.000759215734433,0.00354362814687
1624449357276837542,10521,1624449357277311344,iri_wam_link_base,0.133768420388,-0.464861539015,0.242582658542,0.709250330925,0.704926967621,-0.00548911746591,0.00343646178953
1624449357322894036,10522,1624449357323320212,iri_wam_link_base,0.127776435786,-0.46730814267,0.242961297309,0.709427714348,0.704717516899,-0.00881794095039,0.00278163445182
1624449357377078455,10523,1624449357377439323,iri_wam_link_base,0.122449548198,-0.471079038284,0.243158845223,0.709608674049,0.704476833344,-0.0126862246543,0.00262081599794
1624449357423015030,10524,1624449357423459838,iri_wam_link_base,0.118883078038,-0.475484237674,0.243409070929,0.709999620914,0.704007029533,-0.01625848189,0.00320965331048
1624449357478470132,10525,1624449357477574903,iri_wam_link_base,0.114244282849,-0.481039346648,0.243360248191,0.709297299385,0.704610526562,-0.0202278811485,0.00348963937722
1624449357524204786,10526,1624449357523597804,iri_wam_link_base,0.110532813362,-0.485872156649,0.242982620352,0.709734201431,0.704054653645,-0.0239051282406,0.00360031751916
1624449357578513720,10527,1624449357578972807,iri_wam_link_base,0.105742164104,-0.491599769655,0.24236500008,0.708619892597,0.705030977726,-0.027915565297,0.00314196641557
1624449357624301159,10528,1624449357624785377,iri_wam_link_base,0.100688176976,-0.496283223947,0.241761035363,0.709238708019,0.704276323318,-0.0311339218169,0.00245700008236
1624449357678675893,10529,1624449357679107583,iri_wam_link_base,0.0943227829468,-0.501464976678,0.241421478214,0.709209799767,0.704168975353,-0.0341159701347,0.00190762092825
1624449357724504459,10530,1624449357724941416,iri_wam_link_base,0.0894866958068,-0.50557396302,0.2417518866,0.708873331547,0.704465329647,-0.0349823124707,0.00185412552673
1624449357778939614,10531,1624449357779237763,iri_wam_link_base,0.0838315409768,-0.510519570802,0.242710679845,0.708130300045,0.705192446709,-0.035343978554,0.0024200277403
1624449357824652083,10532,1624449357825090167,iri_wam_link_base,0.0790203815122,-0.514637752138,0.243563810972,0.7084659338,0.704786717892,-0.0366416200995,0.00300328317098
1624449357878902802,10533,1624449357879372681,iri_wam_link_base,0.0738868268978,-0.519247805973,0.244185381843,0.707991421223,0.70535838604,-0.0347984805703,0.00260794791393
1624449357924813334,10534,1624449357925224984,iri_wam_link_base,0.0702152089241,-0.523224578901,0.244324898702,0.70920664072,0.704147160053,-0.0346129722893,0.00215492537245
1624449357979050858,10535,1624449357979506418,iri_wam_link_base,0.0654299448042,-0.528342315009,0.243925382785,0.70881408453,0.704350531101,-0.0383581891656,0.0012282084208
1624449358028715065,10536,1624449358027904159,iri_wam_link_base,0.0608061130769,-0.533068950548,0.243311155539,0.708705127239,0.704511404037,-0.0374202243984,-0.000667092564981
1624449358080249315,10537,1624449358079637874,iri_wam_link_base,0.056078145044,-0.538311986904,0.242682473485,0.708999156952,0.704211235046,-0.0374194607139,-0.00254540075548
1624449358128822028,10538,1624449358129282869,iri_wam_link_base,0.051353008726,-0.543635392154,0.242571231828,0.7088778615,0.704347193241,-0.0370534807444,-0.00378319411539
1624449358180508689,10539,1624449358180830244,iri_wam_link_base,0.0460855595097,-0.549289212025,0.242943898177,0.708893239498,0.704312443733,-0.0373309664428,-0.00455428054556
1624449358228975903,10540,1624449358229420951,iri_wam_link_base,0.0414151593463,-0.553862770179,0.243321920222,0.708528757095,0.704758048058,-0.0357528813183,-0.00497705535963
1624449358280614921,10541,1624449358280979724,iri_wam_link_base,0.0360182398447,-0.558204501811,0.243256673873,0.708940207958,0.704209148884,-0.0381678417325,-0.00603523477912
1624449358329178758,10542,1624449358329556089,iri_wam_link_base,0.031169714028,-0.561565449821,0.242831332278,0.708862602711,0.704320728779,-0.0373580567539,-0.00710334535688
1624449358380676925,10543,1624449358381108942,iri_wam_link_base,0.0259376445625,-0.56556226302,0.242554567277,0.708348810673,0.704900383949,-0.036696575582,-0.0032802738715
1624449358430278512,10544,1624449358430647589,iri_wam_link_base,0.0210483778895,-0.569622520331,0.242975626948,0.708359956741,0.704884052277,-0.0369168706238,-0.00135799089912
1624449358480829325,10545,1624449358481244422,iri_wam_link_base,0.0162395586767,-0.573998311445,0.243823376792,0.709149777889,0.703918099403,-0.0400563813746,-0.00119255285244
1624449358530463765,10546,1624449358530906042,iri_wam_link_base,0.0109934259752,-0.578347239241,0.24478093003,0.708274781704,0.704827427864,-0.0395561866462,-0.000656364543829
1624449358581290820,10547,1624449358581385860,iri_wam_link_base,0.00583233241487,-0.582849981312,0.245578703336,0.708541095257,0.704564154148,-0.0394825972617,-5.93777367612e-05
1624449358632525536,10548,1624449358631036045,iri_wam_link_base,0.000872214574502,-0.587155795178,0.245793490952,0.708049714565,0.705118775368,-0.0383803583682,-0.000112640023872
1624449358681199200,10549,1624449358681546954,iri_wam_link_base,-0.00418311987186,-0.591838722149,0.245489072053,0.70877456665,0.704342186451,-0.0392478555441,-0.000510123674758
1624449358730980794,10550,1624449358731183039,iri_wam_link_base,-0.00920073395999,-0.597222493098,0.244974018252,0.70845156908,0.704557776451,-0.0411515049636,-0.00108932098374
1624449358782454033,10551,1624449358781690055,iri_wam_link_base,-0.0138116250281,-0.60334348409,0.244589490508,0.708404064178,0.704778969288,-0.0380817577243,0.000158329188707
1624449358831317560,10552,1624449358831341733,iri_wam_link_base,-0.0182367057972,-0.609156121793,0.244205127323,0.709289133549,0.703847825527,-0.0388205870986,0.000368602195522
1624449358882498836,10553,1624449358882884004,iri_wam_link_base,-0.0231686619443,-0.614648622015,0.243440571006,0.708472311497,0.704622089863,-0.0396820493042,6.8652399932e-05
1624449358931018487,10554,1624449358931476161,iri_wam_link_base,-0.0278982393732,-0.619010794286,0.242560022682,0.708234667778,0.704879164696,-0.0393570698798,-0.000277923478279
1624449358982727020,10555,1624449358983036961,iri_wam_link_base,-0.0329085587347,-0.623525250289,0.242037034354,0.708253324032,0.704916656017,-0.0383381359279,0.000176940608071
1624449359031173699,10556,1624449359031610307,iri_wam_link_base,-0.0378422840389,-0.627621978455,0.241901418539,0.708218753338,0.704790771008,-0.041184682399,-0.000166799902217
1624449359082797939,10557,1624449359083170145,iri_wam_link_base,-0.0435801625297,-0.631200224966,0.24221593187,0.708586454391,0.704503953457,-0.0397191271186,0.00135956238955
1624449359132511292,10558,1624449359132742776,iri_wam_link_base,-0.0531402424765,-0.632530313825,0.241686796385,0.708436667919,0.704545080662,-0.0416072234511,-0.00160042464267
1624449359183037367,10559,1624449359183300880,iri_wam_link_base,-0.0679842751678,-0.631704166193,0.24005195745,0.707860708237,0.704977989197,-0.0434040874243,-0.00744090275839
1624449359232704152,10560,1624449359233029526,iri_wam_link_base,-0.0866578953503,-0.629732582996,0.238881976506,0.709246814251,0.703512728214,-0.04339164868,-0.0124906804413
1624449359283072261,10561,1624449359283436007,iri_wam_link_base,-0.106171593487,-0.626269718129,0.238440682506,0.708955049515,0.704257667065,-0.0353200696409,-0.0125041333959
1624449359332778426,10562,1624449359333167390,iri_wam_link_base,-0.126070791068,-0.621912473906,0.238705209226,0.708909451962,0.704679489136,-0.0275114029646,-0.0108267944306
1624449359383161463,10563,1624449359383570871,iri_wam_link_base,-0.14381812976,-0.617730417878,0.239114102356,0.709601342678,0.704051554203,-0.0257528852671,-0.0106850657612
1624449359432845255,10564,1624449359433300462,iri_wam_link_base,-0.157947992675,-0.613595470062,0.239921051535,0.709748983383,0.704085290432,-0.0212546456605,-0.00827766302973
1624449359484323628,10565,1624449359483706118,iri_wam_link_base,-0.170684248275,-0.609168810191,0.240945141601,0.709920287132,0.703995287418,-0.0184356290847,-0.00799945555627
1624449359533100507,10566,1624449359533443238,iri_wam_link_base,-0.181589719084,-0.603674919216,0.242658572072,0.710431098938,0.703513920307,-0.0153208067641,-0.0110033638775
1624449359584572974,10567,1624449359584909021,iri_wam_link_base,-0.191963017789,-0.595850520771,0.244860178408,0.709824860096,0.704116225243,-0.0101002026349,-0.016342241317
1624449359633108119,10568,1624449359633582977,iri_wam_link_base,-0.201489195075,-0.585723722284,0.245705192897,0.710149943829,0.703769683838,-0.00571703491732,-0.0190407726914
1624449359684945714,10569,1624449359685057486,iri_wam_link_base,-0.212076163065,-0.571721541396,0.245695320989,0.709768235683,0.704076826572,0.00159733765759,-0.0224136393517
1624449359734366002,10570,1624449359733717269,iri_wam_link_base,-0.221732445721,-0.557160414901,0.246227070499,0.708803892136,0.704940676689,0.0080741206184,-0.0243001487106
1624449359784769203,10571,1624449359785197443,iri_wam_link_base,-0.231272868344,-0.540761272043,0.247164723869,0.708955526352,0.704804778099,0.0112331165001,-0.0224945396185
1624449359834502132,10572,1624449359834919157,iri_wam_link_base,-0.239030344487,-0.524798495967,0.248123363387,0.70896846056,0.704923272133,0.011035002768,-0.0180307775736
1624449359884892286,10573,1624449359885331316,iri_wam_link_base,-0.24441566528,-0.509215914297,0.248154769585,0.708804666996,0.705146372318,0.0125969666988,-0.0143485143781
1624449359939415364,10574,1624449359935068274,iri_wam_link_base,-0.248140610245,-0.494528878294,0.246955583695,0.708579480648,0.705388307571,0.0152545263991,-0.0104769133031
1624449359985274917,10575,1624449359985485837,iri_wam_link_base,-0.251473911381,-0.479991424674,0.245271661437,0.709395885468,0.704451084137,0.0195688772947,-0.0110995806754
1624449360034896174,10576,1624449360035198700,iri_wam_link_base,-0.254410968535,-0.465866364139,0.243995036281,0.709084391594,0.704716444016,0.0219800714403,-0.00953532196581
1624449360085276822,10577,1624449360085678418,iri_wam_link_base,-0.256094433863,-0.453435794701,0.243849702031,0.708822607994,0.704979598522,0.0234749186784,-0.00481837242842
1624449360134924678,10578,1624449360135333493,iri_wam_link_base,-0.25422346874,-0.449145616581,0.24603894505,0.708545327187,0.705394029617,0.0192711018026,0.00336727523245
1624449360186432711,10579,1624449360186754850,iri_wam_link_base,-0.2458153094,-0.451916497694,0.250435319039,0.705113053322,0.708748757839,0.0179292373359,0.013012746349
1624449360235096138,10580,1624449360235475051,iri_wam_link_base,-0.232804850757,-0.456139054378,0.255095573161,0.705160021782,0.708424031734,0.0177266560495,0.023885641247
1624449360286544796,10581,1624449360286997813,iri_wam_link_base,-0.217092315001,-0.46026740242,0.260877401239,0.705114781857,0.708399951458,0.0163661893457,0.0267354156822
1624449360335209546,10582,1624449360335611244,iri_wam_link_base,-0.2036198836,-0.462244638504,0.266135916032,0.705010890961,0.708817839622,0.0164995174855,0.0162704326212
1624449360386613644,10583,1624449360387146486,iri_wam_link_base,-0.191564498702,-0.463167077434,0.271974596107,0.705298066139,0.70863199234,0.0154761215672,0.0124791217968
1624449360436198724,10584,1624449360435742332,iri_wam_link_base,-0.182808644062,-0.462843222934,0.277644873277,0.704823434353,0.709064304829,0.0144114904106,0.0156232528389
1624449360486754895,10585,1624449360487288980,iri_wam_link_base,-0.174734954386,-0.461000851008,0.284168054778,0.704168260098,0.709629416466,0.016348619014,0.01749115251
1624449360536441914,10586,1624449360536840709,iri_wam_link_base,-0.166146931289,-0.459826035933,0.290036577784,0.704213559628,0.709406614304,0.0186017863452,0.0218958109617
1624449360586888674,10587,1624449360587425778,iri_wam_link_base,-0.157395586324,-0.459108091342,0.295336760631,0.703992724419,0.70961534977,0.0171971637756,0.0233355108649
1624449360636580487,10588,1624449360637102401,iri_wam_link_base,-0.148243804852,-0.458064377007,0.300526418974,0.704068124294,0.709436714649,0.0188498608768,0.0251473654062
1624449360687050393,10589,1624449360687566947,iri_wam_link_base,-0.138013232368,-0.457178340629,0.305799003025,0.704571723938,0.708975791931,0.0178617089987,0.0247587207705
1624449360736702546,10590,1624449360737237564,iri_wam_link_base,-0.126919550063,-0.456400826172,0.310892444456,0.706474363804,0.70709246397,0.0175582133234,0.024615097791
1624449360787184718,10591,1624449360787719088,iri_wam_link_base,-0.11520682572,-0.455814332052,0.315537314703,0.7042568326,0.709399878979,0.0162366442382,0.0225958358496
1624449360836839853,10592,1624449360837369774,iri_wam_link_base,-0.102864189453,-0.455328150106,0.320067983922,0.706236302853,0.707471370697,0.0147485816851,0.0222946796566
1624449360888425064,10593,1624449360887855185,iri_wam_link_base,-0.0900799612791,-0.454224967601,0.324878537102,0.703596234322,0.710079610348,0.0141146387905,0.0232376046479
1624449360936979755,10594,1624449360937503891,iri_wam_link_base,-0.0795536848837,-0.452833074174,0.329187342882,0.707025110722,0.70676022768,0.0117634395137,0.0216143336147
1624449360988576587,10595,1624449360989093506,iri_wam_link_base,-0.0696384835506,-0.451242604612,0.333372280358,0.704654037952,0.709077000618,0.011853158474,0.0230650603771
1624449361037111727,10596,1624449361037641877,iri_wam_link_base,-0.0617792540307,-0.450334234819,0.33683977083,0.707060754299,0.706623375416,0.00977430399507,0.0255518220365
1624449361088722884,10597,1624449361089228906,iri_wam_link_base,-0.0555758506218,-0.449147449782,0.339806477534,0.706035852432,0.707802474499,0.00753744365647,0.0217300001532
1624449361138211003,10598,1624449361137778837,iri_wam_link_base,-0.053098590539,-0.448505245844,0.341074187673,0.706817209721,0.707110643387,0.0053682574071,0.019368076697
1624449361188918534,10599,1624449361189360519,iri_wam_link_base,-0.0533925758731,-0.448456747352,0.341101562278,0.705498933792,0.708488464355,0.003280504141,0.017453012988
1624449361238634950,10600,1624449361238968922,iri_wam_link_base,-0.0535824741925,-0.448510038779,0.341047795413,0.707693815231,0.706310093403,0.00294878240675,0.0169341173023
1624449361289080006,10601,1624449361289510959,iri_wam_link_base,-0.0536278757447,-0.448508370974,0.340999111926,0.706107258797,0.707905590534,0.00270047341473,0.0165827684104
1624449361338735244,10602,1624449361339253291,iri_wam_link_base,-0.0535680694929,-0.448575131707,0.340959691729,0.707017242908,0.706996738911,0.0027926620096,0.0165670160204
1624449361389157381,10603,1624449361389673868,iri_wam_link_base,-0.0535049004469,-0.448578198009,0.340929908551,0.70703291893,0.706983447075,0.00271675107069,0.0164776500314
1624449361438885872,10604,1624449361439389404,iri_wam_link_base,-0.0535359835887,-0.448539866143,0.340942721976,0.705809354782,0.708207070827,0.00283177103847,0.0163660757244
1624449361490230626,10605,1624449361489809773,iri_wam_link_base,-0.0536227950652,-0.448560010202,0.340972310096,0.707916855812,0.70609921217,0.0026848197449,0.0164446365088
1624449361539029121,10606,1624449361539525209,iri_wam_link_base,-0.0535300278366,-0.448590910817,0.340892529754,0.705057322979,0.708957731724,0.00270409719087,0.0163006689399
1624449361590498829,10607,1624449361590905492,iri_wam_link_base,-0.0534804132456,-0.448635275865,0.340890294822,0.707117974758,0.706899404526,0.00280695664696,0.0164169985801
1624449361639225676,10608,1624449361639671101,iri_wam_link_base,-0.0535447315934,-0.448585798236,0.340868640535,0.705818772316,0.708201408386,0.00260490225628,0.0162439458072
1624449361690616083,10609,1624449361691106117,iri_wam_link_base,-0.0535516436396,-0.448551679695,0.340881710206,0.706392884254,0.707629442215,0.0027941740118,0.0161837227643
1624449361740327759,10610,1624449361739851081,iri_wam_link_base,-0.053552523256,-0.448583540427,0.340868389576,0.706225991249,0.707796752453,0.00258216098882,0.0161840431392
1624449361790866074,10611,1624449361791282875,iri_wam_link_base,-0.0534920457109,-0.448607168839,0.340828739006,0.705101788044,0.70891726017,0.00271624792367,0.0161369778216
1624449361840509926,10612,1624449361840922979,iri_wam_link_base,-0.0535096224794,-0.448636300148,0.340856047889,0.70836442709,0.705652356148,0.0027215660084,0.0163443982601
1624449361890946712,10613,1624449361891458766,iri_wam_link_base,-0.0535375587652,-0.44858991308,0.340855005583,0.705468118191,0.708553314209,0.00259673548862,0.0161307696253
1624449361940613544,10614,1624449361941118662,iri_wam_link_base,-0.0534615469714,-0.448616728866,0.340876650472,0.707230865955,0.706788480282,0.00276005384512,0.0163389313966
1624449361991135258,10615,1624449361991592789,iri_wam_link_base,-0.0535039199417,-0.448643501359,0.340889819072,0.707046091557,0.706974089146,0.00262099946849,0.0163285396993
1624449362040774033,10616,1624449362041268421,iri_wam_link_base,-0.0535027815321,-0.448612902253,0.340865864507,0.705507099628,0.708511948586,0.00270888907835,0.0162248499691
1624449362091226604,10617,1624449362091723875,iri_wam_link_base,-0.0535313826289,-0.4486771249,0.340892961695,0.708359122276,0.705657660961,0.0026026761625,0.0163667779416
1624449362140900169,10618,1624449362141407783,iri_wam_link_base,-0.0534986357162,-0.448663802513,0.340923236719,0.705073177814,0.708945095539,0.00259268283844,0.0161814540625
1624449362192364535,10619,1624449362191856708,iri_wam_link_base,-0.0534738357184,-0.448666157148,0.340937381905,0.707940220833,0.706076622009,0.0027238316834,0.0164018515497
1624449362241035404,10620,1624449362241542758,iri_wam_link_base,-0.0535442291447,-0.448622111636,0.340878251772,0.705671966076,0.708353042603,0.00260237627663,0.0160096734762
1624449362292532133,10621,1624449362292944039,iri_wam_link_base,-0.0535087829282,-0.448667034648,0.34093634366,0.705885350704,0.708137631416,0.00271711335517,0.0161113888025
1624449362341177776,10622,1624449362341682011,iri_wam_link_base,-0.0535141464976,-0.448685533368,0.340936553434,0.707231163979,0.706792354584,0.00260924757458,0.0161825101823
1624449362392639755,10623,1624449362393165796,iri_wam_link_base,-0.0534933573022,-0.448684099671,0.340956661906,0.705137073994,0.708885014057,0.00261125876568,0.0160268563777
1624449362441375248,10624,1624449362441820271,iri_wam_link_base,-0.0535106628119,-0.448714491644,0.340946695591,0.708039999008,0.705983638763,0.00252269138582,0.0161265805364
1624449362492793633,10625,1624449362493306552,iri_wam_link_base,-0.0535157772602,-0.448702986555,0.340946340221,0.705321371555,0.708701848984,0.00249799853191,0.016039730981
1624449362542551901,10626,1624449362541949899,iri_wam_link_base,-0.0534409614009,-0.448735956568,0.340920668266,0.708126425743,0.705894947052,0.00268540810794,0.0161888096482
1624449362592916840,10627,1624449362593445074,iri_wam_link_base,-0.0534677024822,-0.448725995848,0.340920240227,0.706570625305,0.707454681396,0.002635599114,0.0160881429911
1624449362642643255,10628,1624449362643140635,iri_wam_link_base,-0.0533975425421,-0.448702597102,0.340927937529,0.706507384777,0.707516252995,0.0029143486172,0.0161114353687
1624449362693045435,10629,1624449362693574590,iri_wam_link_base,-0.0534494317125,-0.448721258338,0.340920637276,0.707245826721,0.706777393818,0.00278460769914,0.0161641743034
1624449362742822442,10630,1624449362743293018,iri_wam_link_base,-0.0534023223485,-0.448718605347,0.340904119545,0.70549672842,0.708525955677,0.00287512410432,0.0160350967199
1624449362793211185,10631,1624449362793706410,iri_wam_link_base,-0.0534118317992,-0.448751256335,0.340894393712,0.70813703537,0.705883681774,0.00281295226887,0.0161931868643
