%time,field.header.seq,field.header.stamp,field.header.frame_id,field.pose.position.x,field.pose.position.y,field.pose.position.z,field.pose.orientation.x,field.pose.orientation.y,field.pose.orientation.z,field.pose.orientation.w
1624449219992629370,7785,1624449219993086213,iri_wam_link_base,-0.000180817412843,-0.402080510895,0.343760344683,0.70573335886,0.708442926407,0.00366162322462,0.00597583316267
1624449220032066155,7786,1624449220031390053,iri_wam_link_base,-0.000180817412843,-0.402080510895,0.343760344683,0.70573335886,0.708442926407,0.00366162322462,0.00597583316267
1624449220092760495,7787,1624449220093214569,iri_wam_link_base,-0.000176460393954,-0.402076038004,0.343760389895,0.705748856068,0.708427250385,0.00371301965788,0.00597517797723
1624449220132150438,7788,1624449220132619949,iri_wam_link_base,-0.00018438388204,-0.402075385616,0.343760279727,0.705717563629,0.708459019661,0.00367063493468,0.00592547096312
1624449220193835799,7789,1624449220193341631,iri_wam_link_base,-0.00018438388204,-0.402075385616,0.343760279727,0.705717563629,0.708459019661,0.00367063493468,0.00592547096312
1624449220232331370,7790,1624449220232761083,iri_wam_link_base,-0.000213224726166,-0.402070847037,0.343771629154,0.705762088299,0.708414256573,0.00365104014054,0.00598548538983
1624449220294028939,7791,1624449220294418125,iri_wam_link_base,-0.000180578282774,-0.402096944077,0.343783627056,0.705695390701,0.708480596542,0.00362985976972,0.00600469019264
1624449220332467244,7792,1624449220332900939,iri_wam_link_base,-0.000180817412843,-0.402080510895,0.343760344683,0.70573335886,0.708442926407,0.00366162322462,0.00597583316267
1624449220394151152,7793,1624449220394607807,iri_wam_link_base,-0.000203425812981,-0.402079851732,0.34376023504,0.705715000629,0.708461761475,0.00361913163215,0.0059261941351
1624449220432573662,7794,1624449220433040904,iri_wam_link_base,-0.000188740508854,-0.402079858894,0.34376023504,0.705665707588,0.708510935307,0.00361893512309,0.00592631287873
1624449220494308430,7795,1624449220494758075,iri_wam_link_base,-0.00018438388204,-0.402075385616,0.343760279727,0.705681085587,0.70849531889,0.0036703303922,0.00592565862462
1624449220532716573,7796,1624449220533180628,iri_wam_link_base,-0.00019906902279,-0.402075378613,0.343760279727,0.705730438232,0.708446145058,0.00367052666843,0.00592553801835
1624449220594387699,7797,1624449220594891309,iri_wam_link_base,-0.000188740508854,-0.402079858894,0.34376023504,0.705702066422,0.708474695683,0.00361923966557,0.00592612707987
1624449220633054967,7798,1624449220633317757,iri_wam_link_base,-0.000193096730584,-0.402084332381,0.343760191,0.705650150776,0.708526611328,0.00356754101813,0.00592696806416
1624449220694580040,7799,1624449220695022439,iri_wam_link_base,-0.000188740508854,-0.402079858894,0.34376023504,0.705702066422,0.708474695683,0.00361923966557,0.00592612707987
1624449220734029005,7800,1624449220734400446,iri_wam_link_base,-0.00017507276999,-0.402071294012,0.343770259951,0.705649614334,0.708526849747,0.00361479306594,0.0059396084398
1624449220794703433,7801,1624449220795152664,iri_wam_link_base,-0.000184934881005,-0.402101417197,0.343783582888,0.705716371536,0.708459973335,0.00357877276838,0.00600515957922
1624449220834177894,7802,1624449220834663377,iri_wam_link_base,-0.000188501381509,-0.402096292113,0.343783517388,0.705700576305,0.708476126194,0.00358778354712,0.00595479598269
1624449220894805965,7803,1624449220895288783,iri_wam_link_base,-0.000184144770371,-0.402091818816,0.343783561678,0.705716013908,0.708460450172,0.00363917951472,0.0059541403316
1624449220934443080,7804,1624449220934795575,iri_wam_link_base,-0.000185162222373,-0.402083246651,0.343793586946,0.705676436424,0.708499729633,0.00363462325186,0.00596768828109
1624449220996021966,7805,1624449220995416551,iri_wam_link_base,-0.000170476794264,-0.402083253146,0.343793586946,0.705663561821,0.708512604237,0.0036347322166,0.00596762215719
1624449221034494499,7806,1624449221034929065,iri_wam_link_base,-0.000167679367977,-0.402076469729,0.343759020255,0.705698549747,0.708477854729,0.00367685873061,0.00592924654484
1624449221096109211,7807,1624449221096622097,iri_wam_link_base,-0.000170716345237,-0.402066820537,0.343770304582,0.70570152998,0.708474874496,0.00366649427451,0.00593876559287
1624449221134676606,7808,1624449221135061913,iri_wam_link_base,-0.000198830511317,-0.402091811822,0.343783561678,0.705728948116,0.708447575569,0.00363907078281,0.00595420692116
1624449221196306003,7809,1624449221196775764,iri_wam_link_base,-0.000185162222373,-0.402083246651,0.343793586946,0.705712914467,0.708463430405,0.00363492988981,0.00596750201657
1624449221234785700,7810,1624449221235200537,iri_wam_link_base,-0.000181595691968,-0.40208837188,0.343793652499,0.705728650093,0.708447396755,0.00362591911107,0.00601786468178
1624449221296449241,7811,1624449221296909210,iri_wam_link_base,-0.000152753922515,-0.402092908837,0.343782302159,0.705684125423,0.708492159843,0.00364551297389,0.00595785072073
1624449221334914523,7812,1624449221335353827,iri_wam_link_base,-0.000166910076671,-0.402088378245,0.343793652499,0.70571577549,0.708460271358,0.0036260294728,0.00601779855788
1624449221396578677,7813,1624449221397042531,iri_wam_link_base,-0.000170476794264,-0.402083253146,0.343793586946,0.705700039864,0.708476305008,0.00363503908738,0.00596743589267
1624449221436253727,7814,1624449221435501377,iri_wam_link_base,-0.000170476794264,-0.402083253146,0.343793586946,0.705663561821,0.708512604237,0.0036347322166,0.00596762215719
1624449221496691673,7815,1624449221497188005,iri_wam_link_base,-0.000170476794264,-0.402083253146,0.343793586946,0.705700039864,0.708476305008,0.00363503908738,0.00596743589267
1624449221536382494,7816,1624449221536783936,iri_wam_link_base,-0.000152753922515,-0.402092908837,0.343782302159,0.705684125423,0.708492159843,0.00364551297389,0.00595785072073
1624449221596842538,7817,1624449221597323403,iri_wam_link_base,-0.00014918697416,-0.402098033777,0.343782367571,0.705699920654,0.708476066589,0.00363650405779,0.00600821431726
1624449221636445806,7818,1624449221636924870,iri_wam_link_base,-0.000152753922515,-0.402092908837,0.343782302159,0.70575684309,0.708419680595,0.00364612485282,0.00595747539774
1624449221698359693,7819,1624449221697470173,iri_wam_link_base,-0.000152994187396,-0.402076475586,0.343759020255,0.705721914768,0.708454549313,0.00367727153935,0.00592898949981
1624449221736584236,7820,1624449221737073922,iri_wam_link_base,-0.000167149646037,-0.402071945654,0.343770369712,0.705753624439,0.708422541618,0.00365779083222,0.00598893966526
1624449221798494510,7821,1624449221798972436,iri_wam_link_base,-0.000167439703293,-0.40209290299,0.343782302159,0.705733418465,0.708443045616,0.00364571018144,0.0059577296488
1624449221836786055,7822,1624449221837221734,iri_wam_link_base,-0.000166910076671,-0.402088378245,0.343793652499,0.70571577549,0.708460271358,0.0036260294728,0.00601779855788
1624449221898639623,7823,1624449221899118330,iri_wam_link_base,-0.000170476794264,-0.402083253146,0.343793586946,0.705700039864,0.708476305008,0.00363503908738,0.00596743589267
1624449221936869777,7824,1624449221937366028,iri_wam_link_base,-0.000185952251528,-0.402092845038,0.343793608385,0.705749630928,0.708426773548,0.00357483234257,0.00601833779365
1624449221998777804,7825,1624449221999262177,iri_wam_link_base,-0.000157110130052,-0.402097382526,0.343782257794,0.705705106258,0.708471596241,0.00359442294575,0.00595832429826
1624449222038178768,7826,1624449222037508130,iri_wam_link_base,-0.00017507276999,-0.402071294012,0.343770259951,0.705685973167,0.708490610123,0.00361509853974,0.00593942264095
1624449222098943694,7827,1624449222099400582,iri_wam_link_base,-0.000179428789656,-0.402075767697,0.343770215966,0.705706954002,0.708469986916,0.00356400874443,0.00593989808112
1624449222138282382,7828,1624449222138759603,iri_wam_link_base,-0.00017507276999,-0.402071294012,0.343770259951,0.705722391605,0.708454310894,0.00361540378071,0.0059392368421
1624449222200257495,7829,1624449222199547099,iri_wam_link_base,-0.000183784404131,-0.402080241592,0.343770172627,0.705655097961,0.708521902561,0.00351231056266,0.00594074139372
1624449222238500568,7830,1624449222238940898,iri_wam_link_base,-0.000198469722238,-0.402080234612,0.343770172627,0.705704450607,0.708472728729,0.00351250730455,0.00594062544405
1624449222300348183,7831,1624449222300848357,iri_wam_link_base,-0.000185952251528,-0.402092845038,0.343793608385,0.705749630928,0.708426773548,0.00357483234257,0.00601833779365
1624449222338657464,7832,1624449222339112237,iri_wam_link_base,-0.000170716345237,-0.402066820537,0.343770304582,0.705737888813,0.708438634872,0.00366679904982,0.00593857700005
1624449222400553608,7833,1624449222400975334,iri_wam_link_base,-0.000181108084062,-0.402101468586,0.343772276527,0.705713093281,0.7084633708,0.00364954490215,0.00594462174922
1624449222442647868,7834,1624449222440558603,iri_wam_link_base,-0.000170716345237,-0.402066820537,0.343770304582,0.705737888813,0.708438634872,0.00366679904982,0.00593857700005
1624449222500618810,7835,1624449222501109547,iri_wam_link_base,-0.000199859518065,-0.402084976964,0.343760300117,0.705767214298,0.708409428596,0.00361042562872,0.00597637053579
1624449222542852965,7836,1624449222543255457,iri_wam_link_base,-0.000149427257434,-0.402081600544,0.343759085245,0.70570141077,0.708474636078,0.00366795761511,0.00597954262048
1624449222600749166,7837,1624449222601240771,iri_wam_link_base,-0.000167679367977,-0.402076469729,0.343759020255,0.705698549747,0.708477854729,0.00367685873061,0.00592924654484
1624449222642984588,7838,1624449222643388625,iri_wam_link_base,-0.000174833203346,-0.40208772664,0.343793542712,0.705684483051,0.70849198103,0.00358364311978,0.00596809294075
1624449222700874560,7839,1624449222701372636,iri_wam_link_base,-0.000188740508854,-0.402079858894,0.34376023504,0.705774843693,0.70840215683,0.0036198485177,0.00592575501651
1624449222744144630,7840,1624449222743525805,iri_wam_link_base,-0.000188740508854,-0.402079858894,0.34376023504,0.705738425255,0.708438396454,0.00361954420805,0.00592594174668
1624449222802182434,7841,1624449222801504559,iri_wam_link_base,-0.000188740508854,-0.402079858894,0.34376023504,0.705702066422,0.708474695683,0.00361923966557,0.00592612707987
1624449222844301490,7842,1624449222844610794,iri_wam_link_base,-0.000179498378695,-0.402134658177,0.343840094243,0.705702781677,0.708473742008,0.00340924435295,0.00607693754137
1624449222902253248,7843,1624449222902732695,iri_wam_link_base,-0.000215304076354,-0.402404727352,0.344165956474,0.705578565598,0.70859760046,0.00250662560575,0.00648413505405
1624449222944500332,7844,1624449222944800982,iri_wam_link_base,-0.000257683408245,-0.403018083089,0.344972634779,0.705585062504,0.708584368229,0.00109325232916,0.00752828037366
1624449223002381905,7845,1624449223002872872,iri_wam_link_base,-0.000183516464771,-0.404773092641,0.347515652914,0.705533146858,0.708594620228,-0.00210855109617,0.0105909863487
1624449223044514316,7846,1624449223044951653,iri_wam_link_base,-0.000141658695828,-0.406657961934,0.350322528044,0.705497860909,0.708551943302,-0.00568490056321,0.0139519888908
1624449223102578271,7847,1624449223103002726,iri_wam_link_base,-9.77968109602e-05,-0.409004229297,0.35393404817,0.705406725407,0.708499133587,-0.0102087203413,0.0180587694049
1624449223144618673,7848,1624449223145093370,iri_wam_link_base,-0.000105430086606,-0.410242061901,0.355848750378,0.705243289471,0.70857834816,-0.0125049324706,0.0198072064668
1624449223202711537,7849,1624449223203137970,iri_wam_link_base,-0.000130076694507,-0.411620778927,0.358185284424,0.705121159554,0.70860940218,-0.0150823984295,0.0211983472109
1624449223244740482,7850,1624449223245234280,iri_wam_link_base,-0.000158474452192,-0.412833381359,0.360501254807,0.705027759075,0.70866549015,-0.0166658069938,0.0212451927364
1624449223302797360,7851,1624449223303274699,iri_wam_link_base,-1.0502518777e-05,-0.414915130342,0.364752143172,0.705334722996,0.708287835121,-0.0183203462511,0.0222626198083
1624449223344875114,7852,1624449223345368626,iri_wam_link_base,1.87994373918e-05,-0.416253435561,0.367442595319,0.705072045326,0.708506166935,-0.019863916561,0.0223123785108
1624449223402939497,7853,1624449223403404090,iri_wam_link_base,0.000160890761101,-0.417987185771,0.370060472437,0.705128192902,0.708371460438,-0.0223689861596,0.0224421676248
1624449223445143769,7854,1624449223445508306,iri_wam_link_base,0.000536904986381,-0.419382520706,0.371365249819,0.705171346664,0.708249151707,-0.0235222913325,0.0237323027104
1624449223503196312,7855,1624449223503538139,iri_wam_link_base,0.00096354098111,-0.421341606925,0.372914727793,0.705179870129,0.708141565323,-0.0250424016267,0.0250953249633
1624449223546284271,7856,1624449223545650356,iri_wam_link_base,0.0011986894337,-0.422921413035,0.37465208666,0.705328226089,0.707997739315,-0.0249450989068,0.0250797122717
1624449223604278442,7857,1624449223604612647,iri_wam_link_base,0.00153430369394,-0.425983036385,0.378259017703,0.705131590366,0.708186030388,-0.0260401535779,0.0241636075079
1624449223648720167,7858,1624449223647924751,iri_wam_link_base,0.0018503046143,-0.428618733702,0.38130525721,0.705472588539,0.707849025726,-0.0264110062271,0.0236774049699
1624449223704498767,7859,1624449223704881992,iri_wam_link_base,0.00225594953096,-0.431676460519,0.384782192005,0.705563127995,0.707824707031,-0.0253391973674,0.0228668749332
1624449223748724056,7860,1624449223749230695,iri_wam_link_base,0.00243280856549,-0.433818975822,0.386242037327,0.705215215683,0.708114266396,-0.0271523222327,0.0225476250052
1624449223804595988,7861,1624449223805013755,iri_wam_link_base,0.00265602815872,-0.435984976868,0.387495194474,0.705447494984,0.707916200161,-0.0274338535964,0.0211166292429
1624449223848898206,7862,1624449223849374734,iri_wam_link_base,0.00286980574315,-0.43779498357,0.388630494925,0.706087529659,0.707291007042,-0.0259961877018,0.0224501751363
1624449223904796358,7863,1624449223905170524,iri_wam_link_base,0.00202843184787,-0.440838994331,0.389443204563,0.706634759903,0.706621408463,-0.0285649932921,0.0231849458069
1624449223949022076,7864,1624449223949514656,iri_wam_link_base,0.000465446399641,-0.443682198224,0.389445752734,0.707630574703,0.705561161041,-0.0302848760039,0.0229194592685
1624449224004871044,7865,1624449224005359659,iri_wam_link_base,-0.0021403737718,-0.448230663352,0.388973488199,0.7085044384,0.704598069191,-0.0328207239509,0.0220406167209
1624449224050236512,7866,1624449224049648205,iri_wam_link_base,-0.00401250256234,-0.452531341842,0.388589125941,0.708235681057,0.704784572124,-0.0349918678403,0.0213662292808
1624449224105016563,7867,1624449224105491509,iri_wam_link_base,-0.00630252472926,-0.459048663257,0.388580534538,0.708563566208,0.704268634319,-0.038730494678,0.0210553444922
1624449224150431854,7868,1624449224150864838,iri_wam_link_base,-0.00813447254142,-0.464672581374,0.388403466886,0.708571076393,0.704176545143,-0.0407468564808,0.0200533792377
1624449224206051407,7869,1624449224205619690,iri_wam_link_base,-0.0104728292743,-0.471076466756,0.388328155164,0.708351314068,0.704605638981,-0.0374920926988,0.0190686732531
1624449224250562497,7870,1624449224251024309,iri_wam_link_base,-0.0133076615,-0.476863064461,0.388238196861,0.708560705185,0.704443752766,-0.0369514487684,0.0183104537427
1624449224306320927,7871,1624449224306690761,iri_wam_link_base,-0.0171037869124,-0.483560723179,0.388301681243,0.708909213543,0.704076170921,-0.037676807493,0.0174621045589
1624449224350750325,7872,1624449224351173501,iri_wam_link_base,-0.0193352456906,-0.488137325833,0.38824654465,0.708658337593,0.704466164112,-0.0353942960501,0.0166732519865
1624449224406489989,7873,1624449224406928862,iri_wam_link_base,-0.0217685023631,-0.4936943614,0.388063281735,0.708311975002,0.704839766026,-0.0351809971035,0.0160430185497
1624449224450863760,7874,1624449224451343190,iri_wam_link_base,-0.0235730106488,-0.497849947477,0.388095839732,0.708138823509,0.704921960831,-0.0372090376914,0.0154905878007
1624449224506579955,7875,1624449224507061352,iri_wam_link_base,-0.0260469821305,-0.502770903399,0.388369802846,0.708302378654,0.704583108425,-0.0406386889517,0.0147944977507
1624449224551128540,7876,1624449224551497076,iri_wam_link_base,-0.0276906028708,-0.505943670298,0.388230994743,0.708567857742,0.704451024532,-0.0383224077523,0.0145520130172
1624449224606696529,7877,1624449224607208514,iri_wam_link_base,-0.0304910524023,-0.510404246173,0.38809304911,0.708771288395,0.704128503799,-0.040721680969,0.0137129155919
1624449224652378581,7878,1624449224651689557,iri_wam_link_base,-0.0322160771144,-0.513862740269,0.388151869677,0.707999885082,0.704991042614,-0.039152149111,0.0138167403638
1624449224706874619,7879,1624449224707342436,iri_wam_link_base,-0.0346200701529,-0.518902138045,0.388410762704,0.708783328533,0.703977525234,-0.0431530438364,0.0134024098516
1624449224752453551,7880,1624449224752908022,iri_wam_link_base,-0.0362440425515,-0.523002992786,0.388570829736,0.708682000637,0.704010784626,-0.0442885532975,0.013309257105
1624449224807019588,7881,1624449224807483454,iri_wam_link_base,-0.0385089737182,-0.527827888948,0.388502326073,0.708421349525,0.704312026501,-0.0437116883695,0.0131549872458
1624449224852616553,7882,1624449224853056837,iri_wam_link_base,-0.0406376995924,-0.532138360828,0.388153960642,0.708062171936,0.704742848873,-0.0426695905626,0.0128365205601
1624449224907140891,7883,1624449224907622965,iri_wam_link_base,-0.0440212463653,-0.537771747097,0.387738145064,0.708473265171,0.704093158245,-0.0468287952244,0.0112054394558
1624449224952763535,7884,1624449224953196468,iri_wam_link_base,-0.0467077299434,-0.542472980603,0.387086923791,0.708238065243,0.704224467278,-0.0487339198589,0.00957808457315
1624449225008408536,7885,1624449225007759094,iri_wam_link_base,-0.0491333503885,-0.547771435381,0.386455302498,0.707907736301,0.7049305439,-0.0428680628538,0.0100964559242
1624449225052835719,7886,1624449225053332441,iri_wam_link_base,-0.0510955052966,-0.552447493906,0.386342372245,0.708667099476,0.704088449478,-0.0442417450249,0.00964902434498
1624449225108569975,7887,1624449225109001707,iri_wam_link_base,-0.0531054427651,-0.558319251993,0.386396421786,0.708906710148,0.703687846661,-0.0468263961375,0.00905396230519
1624449225153069808,7888,1624449225153474110,iri_wam_link_base,-0.0546363891295,-0.56212445758,0.386093064512,0.707468986511,0.705174982548,-0.0462156608701,0.00894543621689
1624449225208651356,7889,1624449225209140601,iri_wam_link_base,-0.0572908142147,-0.566509919556,0.385736856624,0.707901000977,0.704874455929,-0.0439976155758,0.00960958749056
1624449225253191789,7890,1624449225253615949,iri_wam_link_base,-0.0601389602364,-0.569952346402,0.385423537114,0.708274066448,0.704375207424,-0.0460891611874,0.00889930594712
1624449225308779996,7891,1624449225309274342,iri_wam_link_base,-0.063349657561,-0.574333426518,0.385181463438,0.708951354027,0.703733146191,-0.0454482957721,0.00906023476273
1624449225354456901,7892,1624449225353761592,iri_wam_link_base,-0.065791128039,-0.578238986823,0.385192258588,0.707950115204,0.70474845171,-0.0451887845993,0.00970634073019
1624449225408927235,7893,1624449225409408646,iri_wam_link_base,-0.0681511592381,-0.583488779963,0.385539284003,0.708165407181,0.704272687435,-0.0490332022309,0.00987215992063
1624449225454553076,7894,1624449225454977011,iri_wam_link_base,-0.0693688036829,-0.588061569046,0.385603165549,0.708196461201,0.70424926281,-0.0486577637494,0.0110996644944
1624449225509096746,7895,1624449225509548831,iri_wam_link_base,-0.0711203796012,-0.593484710506,0.38525343276,0.707786262035,0.704744040966,-0.0470615029335,0.0126348333433
1624449225554605921,7896,1624449225555129497,iri_wam_link_base,-0.0735755566099,-0.598295072184,0.384727161484,0.708027541637,0.704200923443,-0.0516611672938,0.011362942867
1624449225609186554,7897,1624449225609683136,iri_wam_link_base,-0.0767340124498,-0.603641500539,0.384025022129,0.708042383194,0.704099953175,-0.05290646106,0.0109600163996
1624449225654841563,7898,1624449225655269454,iri_wam_link_base,-0.0792461936487,-0.608083650901,0.383943538526,0.707672834396,0.704708516598,-0.0491020381451,0.0131942881271
1624449225710381796,7899,1624449225709814331,iri_wam_link_base,-0.0826522577962,-0.613721492707,0.38428399575,0.707944393158,0.704429268837,-0.0487321354449,0.0148093113676
1624449225754983875,7900,1624449225755427227,iri_wam_link_base,-0.0850289366235,-0.617962439257,0.384507790106,0.707538306713,0.704789698124,-0.0491410158575,0.015692288056
1624449225810585730,7901,1624449225811032022,iri_wam_link_base,-0.0876351252564,-0.623167092742,0.384123136913,0.708079218864,0.704123675823,-0.0509177185595,0.0155256707221
1624449225855115455,7902,1624449225855581541,iri_wam_link_base,-0.0888638528674,-0.626893706327,0.382915141678,0.708421289921,0.703906178474,-0.049072407186,0.0157233029604
1624449225910688585,7903,1624449225911169996,iri_wam_link_base,-0.089618857345,-0.63081446845,0.379658666783,0.708676636219,0.703920960426,-0.0452486462891,0.0150087354705
1624449225955296107,7904,1624449225955718485,iri_wam_link_base,-0.0895668642546,-0.633425446896,0.376319229894,0.708563566208,0.704123675823,-0.0446724928916,0.0123237129301
1624449226010828618,7905,1624449226011302882,iri_wam_link_base,-0.0891731987593,-0.636057422362,0.372290184452,0.708316743374,0.70451438427,-0.0430382862687,0.0097269564867
1624449226056656463,7906,1624449226056971081,iri_wam_link_base,-0.0888992421101,-0.637596643802,0.369975662114,0.708198189735,0.704708218575,-0.0421068556607,0.00828967336565
1624449226111059653,7907,1624449226111443695,iri_wam_link_base,-0.0885833345552,-0.638954501125,0.368610947224,0.708012938499,0.704895973206,-0.0422258749604,0.00750620570034
1624449226156818187,7908,1624449226157255300,iri_wam_link_base,-0.0882969313968,-0.640199018466,0.368208496019,0.707742035389,0.70510995388,-0.0432329438627,0.00721851876006
1624449226211156549,7909,1624449226211613224,iri_wam_link_base,-0.0879493221319,-0.641680158954,0.366827585386,0.707548499107,0.705297887325,-0.0434100627899,0.00675147445872
1624449226256913798,7910,1624449226257386061,iri_wam_link_base,-0.087444826842,-0.643281920897,0.364442516715,0.707436263561,0.705465257168,-0.0425594635308,0.00643525645137
1624449226311280730,7911,1624449226311751545,iri_wam_link_base,-0.0872259313169,-0.645750595738,0.360816198034,0.707666158676,0.70527613163,-0.0419340580702,0.00597886648029
1624449226357065358,7912,1624449226357523508,iri_wam_link_base,-0.0872188530636,-0.648034610733,0.357586409093,0.707864820957,0.7050999403,-0.0416184328496,0.00542029552162
1624449226412492323,7913,1624449226412853603,iri_wam_link_base,-0.0872422989454,-0.651300346108,0.353861665232,0.708094120026,0.704811871052,-0.042452853173,0.00638316012919
1624449226457198847,7914,1624449226457661850,iri_wam_link_base,-0.0872672512386,-0.653999101174,0.351810980073,0.707635402679,0.705218911171,-0.0434771105647,0.00530562642962
1624449226512666714,7915,1624449226513077528,iri_wam_link_base,-0.0873083607363,-0.657474574615,0.349803480821,0.707215428352,0.705536425114,-0.0452266298234,0.00439266767353
1624449226558309045,7916,1624449226557800244,iri_wam_link_base,-0.0875243039032,-0.659861715043,0.34816167023,0.707057714462,0.705658316612,-0.0458230823278,0.00398384639993
1624449226612783503,7917,1624449226613257474,iri_wam_link_base,-0.0880360655637,-0.662601790328,0.345565169083,0.707180559635,0.705527603626,-0.0460078679025,0.00312599423341
1624449226658480612,7918,1624449226658878811,iri_wam_link_base,-0.0883376094066,-0.664555083987,0.342973508288,0.707426607609,0.705322384834,-0.0454022623599,0.00256670173258
1624449226712919995,7919,1624449226713394339,iri_wam_link_base,-0.0883123589621,-0.666759080704,0.339557431901,0.707915008068,0.704989135265,-0.0427822098136,0.00404843362048
1624449226758640961,7920,1624449226759085158,iri_wam_link_base,-0.088189248289,-0.668900302034,0.337091160225,0.708277583122,0.704611003399,-0.0426273867488,0.00701190810651
1624449226813064787,7921,1624449226813529516,iri_wam_link_base,-0.0879051486695,-0.670968184342,0.334361703823,0.708205878735,0.704699993134,-0.0424282364547,0.00649487553164
1624449226858781257,7922,1624449226859257740,iri_wam_link_base,-0.0876463161456,-0.672304239308,0.332540552806,0.70812112093,0.704838275909,-0.041681792587,0.00548569858074
1624449226913205332,7923,1624449226913682052,iri_wam_link_base,-0.0869555524553,-0.673007177964,0.331898743926,0.708181619644,0.704928219318,-0.0388916730881,0.00651369104162
1624449226958910836,7924,1624449226959393506,iri_wam_link_base,-0.0860401801152,-0.672860590232,0.332543561248,0.708401203156,0.704914689064,-0.0343408845365,0.00914979912341
1624449227014353921,7925,1624449227013821542,iri_wam_link_base,-0.0851439962955,-0.673550169906,0.33487441208,0.70756238699,0.705611407757,-0.036635350436,0.011215348728
1624449227059058325,7926,1624449227059531342,iri_wam_link_base,-0.0844795378011,-0.673345481267,0.335623530323,0.707591056824,0.705680012703,-0.0342383123934,0.012585086748
1624449227114504217,7927,1624449227114906029,iri_wam_link_base,-0.0835778252848,-0.673113621865,0.335508700374,0.707889854908,0.70559078455,-0.0286825802177,0.0145246461034
1624449227159239247,7928,1624449227159668881,iri_wam_link_base,-0.0831832747809,-0.672870343108,0.335588351371,0.707964897156,0.705616950989,-0.0260233748704,0.0146022727713
1624449227214668390,7929,1624449227215119023,iri_wam_link_base,-0.0824609216916,-0.672436049366,0.335684797351,0.70808827877,0.70565122366,-0.020817162469,0.0152957579121
1624449227259331543,7930,1624449227259803903,iri_wam_link_base,-0.0819324559497,-0.67203220735,0.33584422592,0.707719504833,0.706126511097,-0.0187541246414,0.0129099590704
1624449227314785559,7931,1624449227315275016,iri_wam_link_base,-0.0803853605438,-0.671615265249,0.336392874701,0.70714443922,0.706770300865,-0.0169576164335,0.0116154979914
1624449227360560801,7932,1624449227359937741,iri_wam_link_base,-0.0782942744236,-0.671241601998,0.337068946492,0.706636607647,0.707327365875,-0.0142198046669,0.0122694903985
1624449227414943073,7933,1624449227415429561,iri_wam_link_base,-0.0755143822118,-0.670349549124,0.338220305471,0.706131696701,0.707919061184,-0.0088445302099,0.0122658526525
1624449227460772788,7934,1624449227461143578,iri_wam_link_base,-0.0734869122733,-0.669573548285,0.339327997525,0.705696046352,0.708403885365,-0.00702677620575,0.0103739490733
1624449227515067774,7935,1624449227515572315,iri_wam_link_base,-0.0712064278994,-0.668907381806,0.340787657331,0.705516219139,0.708583772182,-0.00631092535332,0.0107749253511
1624449227560883562,7936,1624449227561325135,iri_wam_link_base,-0.0692451248665,-0.667995208404,0.342014988892,0.705338358879,0.708804905415,-0.00395436026156,0.00881877075881
1624449227615229625,7937,1624449227615697664,iri_wam_link_base,-0.0670370606564,-0.666968346691,0.343574181356,0.705402553082,0.708759963512,-0.00196163821965,0.00792226288468
1624449227660970973,7938,1624449227661462111,iri_wam_link_base,-0.065144829684,-0.666199026683,0.344903881337,0.705492198467,0.708672463894,-0.000506185635459,0.00798676069826
1624449227715347838,7939,1624449227715835986,iri_wam_link_base,-0.0627830730508,-0.665018017993,0.346468992421,0.705646157265,0.708535552025,0.00186877278611,0.00611482281238
1624449227761126223,7940,1624449227761596353,iri_wam_link_base,-0.0607878005255,-0.664333518118,0.347701601253,0.705489575863,0.708681404591,0.00271268421784,0.0069134188816
1624449227816606791,7941,1624449227815968243,iri_wam_link_base,-0.0580399934593,-0.66333562481,0.3489815379,0.705606997013,0.708545088768,0.00418498273939,0.00806985795498
1624449227861256161,7942,1624449227861731343,iri_wam_link_base,-0.0554318195878,-0.662038804865,0.348771690736,0.7053206563,0.708808600903,0.00736799743026,0.00766993546858
1624449227916764039,7943,1624449227917208390,iri_wam_link_base,-0.0513637921215,-0.659278117424,0.346124342142,0.705501556396,0.708538770676,0.014415288344,0.00571195920929
1624449227961377440,7944,1624449227961871121,iri_wam_link_base,-0.0468762457536,-0.656197556336,0.342753819424,0.705345034599,0.708473861217,0.0233410224319,0.00289479410276
1624449228016896750,7945,1624449228017367479,iri_wam_link_base,-0.0402296869956,-0.651892409125,0.338589261316,0.704782187939,0.708698451519,0.0320708379149,-0.000206133263418
1624449228062611146,7946,1624449228062949656,iri_wam_link_base,-0.0344945271417,-0.64837122023,0.335828972984,0.705036342144,0.708398044109,0.0328891016543,-0.00377827719785
1624449228117017825,7947,1624449228117507319,iri_wam_link_base,-0.0278622006184,-0.643551243718,0.333367824216,0.705096900463,0.708349049091,0.0319648422301,-0.00762891024351
1624449228162737506,7948,1624449228163192522,iri_wam_link_base,-0.0222042565501,-0.638918339556,0.331705185795,0.704973340034,0.708394885063,0.0330168269575,-0.00996210239828
1624449228217190885,7949,1624449228217641259,iri_wam_link_base,-0.0167735506368,-0.632872139374,0.329643830935,0.705050945282,0.708186626434,0.0348706319928,-0.0126072904095
1624449228262866743,7950,1624449228263349481,iri_wam_link_base,-0.0129534522094,-0.627269849298,0.327558546013,0.704354166985,0.708799302578,0.0351211428642,-0.0159759949893
1624449228317321842,7951,1624449228317777604,iri_wam_link_base,-0.00844982922559,-0.62086139467,0.324150032887,0.705479621887,0.70779389143,0.0332263968885,-0.0149111710489
1624449228363050385,7952,1624449228363487873,iri_wam_link_base,-0.00357400252987,-0.614804199846,0.320634488353,0.704605817795,0.708646893501,0.0338959060609,-0.0141912698746
1624449228417458120,7953,1624449228417917785,iri_wam_link_base,0.00276881177471,-0.607540098838,0.317074863548,0.705054104328,0.708334386349,0.0314790643752,-0.0130445184186
1624449228463151461,7954,1624449228463619688,iri_wam_link_base,0.00863079268837,-0.601173736777,0.314906274679,0.705008029938,0.708526015282,0.028782742098,-0.0112274549901
1624449228518596155,7955,1624449228519018234,iri_wam_link_base,0.0149258304537,-0.593621748493,0.313298664288,0.705438315868,0.70818901062,0.0264379996806,-0.0112303309143
1624449228563286297,7956,1624449228563752661,iri_wam_link_base,0.019499373291,-0.588373736141,0.311757582981,0.704542517662,0.709156095982,0.0244786776602,-0.0108753703535
1624449228618753399,7957,1624449228619213386,iri_wam_link_base,0.0239532972246,-0.582317259917,0.309215261785,0.705095946789,0.708629965782,0.0232465416193,-0.0119532598183
1624449228663454420,7958,1624449228663894371,iri_wam_link_base,0.0273647865985,-0.57810352085,0.306291239762,0.705143988132,0.708559751511,0.0241678226739,-0.0114407259971
1624449228718894576,7959,1624449228719361617,iri_wam_link_base,0.0312533092037,-0.573211855975,0.301951146815,0.705163776875,0.708511471748,0.0258006192744,-0.00948291271925
1624449228764650275,7960,1624449228764032290,iri_wam_link_base,0.0352011106009,-0.569125114719,0.298429902415,0.704838931561,0.708736181259,0.0284354127944,-0.00930268503726
1624449228819028120,7961,1624449228819497010,iri_wam_link_base,0.0403876372902,-0.564663235798,0.295139020078,0.704632878304,0.708957612514,0.0280827246606,-0.00910955574363
1624449228864787938,7962,1624449228865224072,iri_wam_link_base,0.0461842016689,-0.560230759483,0.292685707773,0.704796552658,0.70879560709,0.0275912545621,-0.0104576973245
1624449228919135302,7963,1624449228919628296,iri_wam_link_base,0.0537363233975,-0.554341400167,0.29030268992,0.705256342888,0.708328485489,0.0273029040545,-0.0117812575772
1624449228964923265,7964,1624449228965381682,iri_wam_link_base,0.0605504477472,-0.548823820663,0.288004950929,0.704744875431,0.708929419518,0.0252047292888,-0.010886143893
1624449229019320812,7965,1624449229019761323,iri_wam_link_base,0.0674031659906,-0.541331823993,0.285067792211,0.704486846924,0.709227740765,0.0231568738818,-0.0125720305368
1624449229065067528,7966,1624449229065516654,iri_wam_link_base,0.0727112985301,-0.53485560366,0.282354477815,0.705329358578,0.708485722542,0.0204641949385,-0.0118161616847
1624449229119415431,7967,1624449229119902149,iri_wam_link_base,0.0770210615905,-0.527955254189,0.279799656244,0.704394698143,0.709478437901,0.0188927780837,-0.0105554023758
1624449229165162881,7968,1624449229165647343,iri_wam_link_base,0.0802666089834,-0.52289850866,0.277955226964,0.704945385456,0.708911538124,0.0209848526865,-0.00748213194311
1624449229220605893,7969,1624449229220037475,iri_wam_link_base,0.0831319952341,-0.518125181358,0.276335838527,0.705035090446,0.708778679371,0.0226858723909,-0.00661197584122
1624449229265337728,7970,1624449229265783393,iri_wam_link_base,0.0861455725633,-0.514478251119,0.274839816213,0.704608917236,0.709189772606,0.0233943518251,-0.00537353893742
1624449229320756564,7971,1624449229321240131,iri_wam_link_base,0.0906429864407,-0.509162188649,0.272107294746,0.704633772373,0.709050893784,0.026276698336,-0.0069045946002
1624449229365486877,7972,1624449229365925721,iri_wam_link_base,0.0958030215428,-0.504890864432,0.269161377242,0.704239845276,0.709401905537,0.0278271976858,-0.00455969385803
1624449229420935660,7973,1624449229421392230,iri_wam_link_base,0.102605510956,-0.499520806772,0.265533208577,0.704271554947,0.709395587444,0.0271079409868,-0.00496046803892
1624449229466628751,7974,1624449229466061044,iri_wam_link_base,0.108145723804,-0.495135617274,0.262694525447,0.704304218292,0.709405124187,0.0255039222538,-0.00703350454569
1624449229521027777,7975,1624449229521531604,iri_wam_link_base,0.114688617117,-0.489702611123,0.259575711864,0.703298807144,0.710380256176,0.0252818260342,-0.00956507213414
1624449229566804447,7976,1624449229567253662,iri_wam_link_base,0.11968807914,-0.485470411471,0.257326115085,0.703816235065,0.709804236889,0.0268971454352,-0.00985684711486
1624449229621200230,7977,1624449229621669945,iri_wam_link_base,0.124042817577,-0.481059791422,0.254714286994,0.703798234463,0.709881663322,0.0254650041461,-0.00935579184443
1624449229666946995,7978,1624449229667408760,iri_wam_link_base,0.127352768771,-0.47708288831,0.252540727442,0.703194260597,0.710439741611,0.0265803970397,-0.00931168813258
1624449229721349610,7979,1624449229721804428,iri_wam_link_base,0.131483366227,-0.472055275908,0.249981306727,0.703995704651,0.709546506405,0.0292176231742,-0.00895550847054
1624449229767145277,7980,1624449229767545983,iri_wam_link_base,0.13553912915,-0.467310795632,0.24776976714,0.703926622868,0.709559381008,0.0305377263576,-0.00896050874144
1624449229821479122,7981,1624449229821946641,iri_wam_link_base,0.140589680549,-0.461975737227,0.245139805759,0.704010307789,0.70962369442,0.0274823009968,-0.00696024019271
1624449229867184318,7982,1624449229867678980,iri_wam_link_base,0.144396146871,-0.457185237333,0.242413556385,0.70488268137,0.708826959133,0.0252925753593,-0.00806476920843
1624449229922668985,7983,1624449229922084594,iri_wam_link_base,0.146479123039,-0.451897101605,0.237845154536,0.705079138279,0.708798885345,0.0192692484707,-0.00980754755437
1624449229967429621,7984,1624449229967820431,iri_wam_link_base,0.146188519525,-0.448262921359,0.233110730549,0.704788804054,0.709149241447,0.017283571884,-0.00902196858078
1624449230022859136,7985,1624449230023317345,iri_wam_link_base,0.145316055682,-0.444151925618,0.227186367211,0.705829799175,0.708141803741,0.0169456787407,-0.00723900506273
1624449230067568273,7986,1624449230067992861,iri_wam_link_base,0.144845187567,-0.441224715244,0.222979837274,0.705371677876,0.708653330803,0.0153380297124,-0.00510246446356
1624449230123092929,7987,1624449230123470060,iri_wam_link_base,0.14494503455,-0.437889643209,0.218228257577,0.705474257469,0.708537757397,0.0158864147961,-0.00528365885839
1624449230168742993,7988,1624449230168130162,iri_wam_link_base,0.145532843522,-0.435699636843,0.214966464911,0.70536929369,0.708599030972,0.0173423793167,-0.00639263773337
1624449230223146339,7989,1624449230223625156,iri_wam_link_base,0.146095529733,-0.43334203376,0.210660819405,0.705077171326,0.708971917629,0.0143941845745,-0.00422139186412
1624449230268911417,7990,1624449230269327848,iri_wam_link_base,0.146307694312,-0.430290037375,0.20642106158,0.705535173416,0.70848429203,0.0149321146309,-0.00686338962987
1624449230323267081,7991,1624449230323758753,iri_wam_link_base,0.146870648233,-0.426945476213,0.201057459473,0.705396234989,0.708656609058,0.0136417392641,-0.00598654290661
1624449230369010293,7992,1624449230369475350,iri_wam_link_base,0.147758233082,-0.424428059375,0.196846305136,0.704312622547,0.709748268127,0.0127843189985,-0.00613880390301
1624449230423431406,7993,1624449230423897033,iri_wam_link_base,0.148579173545,-0.420919753193,0.191682699819,0.704650998116,0.70938706398,0.0141481086612,-0.00607003038749
1624449230469167376,7994,1624449230469613232,iri_wam_link_base,0.148890150198,-0.418181787217,0.187470551812,0.704960227013,0.709126114845,0.0119340755045,-0.00536590535194
1624449230523613616,7995,1624449230524038910,iri_wam_link_base,0.148944018043,-0.415495025011,0.183056677062,0.705070137978,0.709061324596,0.00807442050427,-0.00655625248328
1624449230569280980,7996,1624449230569745976,iri_wam_link_base,0.148979757414,-0.413411653725,0.179432429961,0.704994440079,0.709139943123,0.00721749151126,-0.00715832039714
1624449230624733848,7997,1624449230624172305,iri_wam_link_base,0.148848752661,-0.410531834099,0.174685979696,0.706234753132,0.70785009861,0.0100217433646,-0.0089593725279
1624449230669456779,7998,1624449230669881230,iri_wam_link_base,0.149035679132,-0.408656039366,0.17062159058,0.705018401146,0.709119558334,0.00804203934968,-0.00580893317237
1624449230724847427,7999,1624449230725355910,iri_wam_link_base,0.149313840039,-0.405113165459,0.165226206417,0.705823242664,0.708261668682,0.010040897876,-0.00884027220309
1624449230769601379,8000,1624449230770025502,iri_wam_link_base,0.149650552575,-0.403333504558,0.16104198174,0.705152451992,0.708946883678,0.010049495846,-0.00731086684391
1624449230825065462,8001,1624449230825511562,iri_wam_link_base,0.149582148381,-0.401325383243,0.155474040308,0.70536416769,0.708741188049,0.00954387802631,-0.00750383269042
1624449230870820543,8002,1624449230870163157,iri_wam_link_base,0.149703749694,-0.401856687118,0.151889612548,0.705909192562,0.708245575428,0.00797063857317,-0.00410986877978
1624449230925210555,8003,1624449230925653265,iri_wam_link_base,0.149803586728,-0.405178655673,0.149049395622,0.705741226673,0.708457291126,0.00366779719479,0.00203086645342
1624449230970941937,8004,1624449230971364472,iri_wam_link_base,0.149029909504,-0.407910012582,0.147632148911,0.707219839096,0.706983208656,0.00213503884152,0.00320953014307
1624449231025344531,8005,1624449231025787518,iri_wam_link_base,0.148846982999,-0.413567717559,0.147704531389,0.70761346817,0.706551671028,-0.00219742045738,0.00793756637722
1624449231071098544,8006,1624449231071528697,iri_wam_link_base,0.149044897759,-0.419487736432,0.148557640308,0.708028674126,0.706050693989,-0.0057204333134,0.0124544138089
1624449231125443335,8007,1624449231125922613,iri_wam_link_base,0.149307952619,-0.425899364417,0.149790868757,0.708450436592,0.705464363098,-0.0097204586491,0.0179855972528
1624449231171240547,8008,1624449231171671237,iri_wam_link_base,0.149466739825,-0.429940106186,0.150465618238,0.708611965179,0.705196857452,-0.0118576334789,0.0206366907805
1624449231228892587,8009,1624449231227031311,iri_wam_link_base,0.149622247743,-0.434820702754,0.15149914877,0.708854794502,0.704801738262,-0.014481623657,0.0238677244633
1624449231271392692,8010,1624449231271809117,iri_wam_link_base,0.149799872098,-0.439191958669,0.152604043894,0.708540856838,0.70501601696,-0.0159626454115,0.0258362684399
1624449231329029403,8011,1624449231329483814,iri_wam_link_base,0.150091901403,-0.445600223403,0.154830925385,0.70779132843,0.705702722073,-0.0183287598193,0.0260601602495
1624449231371526204,8012,1624449231371955730,iri_wam_link_base,0.150618999505,-0.450100021516,0.156862893364,0.708233714104,0.705277681351,-0.0188038311899,0.0251939054579
1624449231429148634,8013,1624449231429626810,iri_wam_link_base,0.15142541203,-0.456797689946,0.16020546249,0.708434700966,0.70505541563,-0.0194665081799,0.0252621099353
1624449231471620887,8014,1624449231472094612,iri_wam_link_base,0.151780239053,-0.461577506867,0.162540008207,0.707749664783,0.705717980862,-0.0212670508772,0.0244998838753
1624449231529326431,8015,1624449231529771117,iri_wam_link_base,0.152203953126,-0.467720579515,0.165570839361,0.7082477808,0.705210864544,-0.022060342133,0.0240002088249
1624449231572811156,8016,1624449231572233585,iri_wam_link_base,0.152590957249,-0.47165616429,0.167508569218,0.7085916996,0.704877972603,-0.0212720576674,0.0243387762457
1624449231629450485,8017,1624449231629914532,iri_wam_link_base,0.152979947889,-0.476444611708,0.170362449714,0.708281993866,0.705197393894,-0.0218329820782,0.0235912296921
1624449231672975443,8018,1624449231673432890,iri_wam_link_base,0.15328625432,-0.480430787819,0.172811801425,0.707588732243,0.705807924271,-0.0241330340505,0.0238955225796
1624449231729620625,8019,1624449231730057300,iri_wam_link_base,0.154043695493,-0.485566609717,0.176476529469,0.7085044384,0.704902946949,-0.0238155424595,0.0237936731428
1624449231773103883,8020,1624449231773575334,iri_wam_link_base,0.154747424304,-0.489615043204,0.179937488881,0.708002746105,0.705430328846,-0.0242856387049,0.0225903689861
1624449231830678324,8021,1624449231830205716,iri_wam_link_base,0.155646781348,-0.494827459735,0.184922642375,0.707689523697,0.705757558346,-0.0251244846731,0.0212246719748
1624449231873249696,8022,1624449231873714543,iri_wam_link_base,0.155979599318,-0.497282866065,0.187822975916,0.708781838417,0.70486664772,-0.0221461672336,0.017346104607
1624449231935263157,8023,1624449231934537692,iri_wam_link_base,0.155456745327,-0.498294184019,0.188367258143,0.708084762096,0.705611765385,-0.0227961111814,0.0144328540191
1624449231973451431,8024,1624449231973863375,iri_wam_link_base,0.155072833808,-0.498465452408,0.187928174761,0.7086135149,0.705117106438,-0.0222315602005,0.0135093852878
1624449232035445821,8025,1624449232035858267,iri_wam_link_base,0.154731152144,-0.498405157554,0.187495865065,0.709059178829,0.704777777195,-0.0197962671518,0.0114680714905
1624449232073625787,8026,1624449232074027815,iri_wam_link_base,0.154690607349,-0.498397511527,0.187481490335,0.708893239498,0.704951763153,-0.0196324903518,0.0113117191941
1624449232135571698,8027,1624449232136036727,iri_wam_link_base,0.154692720347,-0.498412541847,0.187453417502,0.708616137505,0.705229520798,-0.0196634046733,0.0113041149452
1624449232173740717,8028,1624449232174157146,iri_wam_link_base,0.154677111179,-0.498427613455,0.187439856447,0.708606362343,0.705238103867,-0.0197062417865,0.0113106193021
1624449232235723420,8029,1624449232236170234,iri_wam_link_base,0.15464497895,-0.49843732033,0.187440557378,0.708597898483,0.705246150494,-0.0197269637138,0.0112992683426
1624449232274942865,8030,1624449232274302858,iri_wam_link_base,0.15464497895,-0.49843732033,0.187440557378,0.708561599255,0.705282688141,-0.0197275467217,0.0112982559949
1624449232336898427,8031,1624449232337274682,iri_wam_link_base,0.154631769859,-0.498441579487,0.187426494713,0.708599209785,0.705246448517,-0.01969300583,0.0112570030615
1624449232375133752,8032,1624449232375515540,iri_wam_link_base,0.15464497895,-0.49843732033,0.187440557378,0.708525419235,0.70531898737,-0.0197281241417,0.0112972417846
1624449232437071218,8033,1624449232437551622,iri_wam_link_base,0.154632445895,-0.498470803861,0.187445507768,0.708420395851,0.705422699451,-0.0197940543294,0.0112932017073
1624449232477507421,8034,1624449232476673934,iri_wam_link_base,0.154603871736,-0.498489903748,0.187431813851,0.708432912827,0.70540958643,-0.0197970718145,0.0113205490634
1624449232537246988,8035,1624449232537695932,iri_wam_link_base,0.154617359876,-0.498451242698,0.187412683696,0.708468258381,0.705378174782,-0.0196994636208,0.0112355723977
1624449232577567042,8036,1624449232578017309,iri_wam_link_base,0.154602949587,-0.498460904917,0.187398872943,0.708482146263,0.705364406109,-0.0197036117315,0.0112181920558
1624449232637351194,8037,1624449232637858820,iri_wam_link_base,0.154601748374,-0.49846630983,0.187399124133,0.708422243595,0.705423116684,-0.0197428837419,0.0112410411239
1624449232677783249,8038,1624449232678174339,iri_wam_link_base,0.15458354261,-0.498471956072,0.187399124133,0.708435118198,0.705410182476,-0.0197430886328,0.0112406825647
1624449232737495674,8039,1624449232737992853,iri_wam_link_base,0.154605790583,-0.498470099838,0.187399241473,0.70840793848,0.705436825752,-0.0197415575385,0.0112861366943
1624449232783013112,8040,1624449232783345896,iri_wam_link_base,0.154576423711,-0.498449749443,0.187380500003,0.708363473415,0.705483317375,-0.0197242237628,0.0112010501325
1624449232837617514,8041,1624449232838129665,iri_wam_link_base,0.154578653484,-0.498493012807,0.187403436496,0.708423137665,0.705424129963,-0.0196910090744,0.0112111615017
1624449232883321480,8042,1624449232883690688,iri_wam_link_base,0.154578653484,-0.498493012807,0.187403436496,0.708386898041,0.705460488796,-0.0196915846318,0.0112101491541
1624449232938983956,8043,1624449232938286151,iri_wam_link_base,0.154569131454,-0.498481616731,0.18738531358,0.708340346813,0.705505490303,-0.0197489634156,0.0112202549353
1624449232983463812,8044,1624449232983927668,iri_wam_link_base,0.154569131454,-0.498481616731,0.18738531358,0.708340346813,0.705505490303,-0.0197489634156,0.0112202549353
1624449233039076021,8045,1624449233039601141,iri_wam_link_base,0.154584496343,-0.498466776125,0.187384946081,0.708329200745,0.705518841743,-0.0197119638324,0.0111506525427
1624449233083603560,8046,1624449233084064102,iri_wam_link_base,0.154569131454,-0.498481616731,0.18738531358,0.708304107189,0.705541849136,-0.019749538973,0.011219240725
1624449233139265610,8047,1624449233139738448,iri_wam_link_base,0.154566290562,-0.498472421736,0.187384946081,0.708305835724,0.705542266369,-0.0197127386928,0.0111492788419
1624449233183784040,8048,1624449233184205324,iri_wam_link_base,0.154587337571,-0.498475971015,0.18738531358,0.708291232586,0.705554842949,-0.0197493359447,0.0112196020782
1624449233239426897,8049,1624449233239877293,iri_wam_link_base,0.154587337571,-0.498475971015,0.18738531358,0.708291232586,0.705554842949,-0.0197493359447,0.0112196020782
1624449233284944524,8050,1624449233284344322,iri_wam_link_base,0.154570333074,-0.498476211905,0.187385062454,0.708327770233,0.705519616604,-0.0197108406574,0.0111953876913
1624449233339506285,8051,1624449233340016388,iri_wam_link_base,0.154588538993,-0.498470566145,0.187385062454,0.70831489563,0.705532550812,-0.0197106357664,0.0111957481131
1624449233385117336,8052,1624449233385536797,iri_wam_link_base,0.154570333074,-0.498476211905,0.187385062454,0.708327770233,0.705519616604,-0.0197108406574,0.0111953876913
1624449233439642711,8053,1624449233440149080,iri_wam_link_base,0.154573173377,-0.49848540705,0.187385430729,0.708325982094,0.705519258976,-0.0197476465255,0.0112653505057
1624449233485273105,8054,1624449233485695431,iri_wam_link_base,0.154574128092,-0.498480226383,0.187371252229,0.708292543888,0.705555140972,-0.0197153557092,0.0111773535609
1624449233539825730,8055,1624449233540284702,iri_wam_link_base,0.154570333074,-0.498476211905,0.187385062454,0.708291530609,0.705555975437,-0.0197114180773,0.0111943762749
1624449233585353175,8056,1624449233585829402,iri_wam_link_base,0.15457153535,-0.498470807043,0.187384811824,0.708351433277,0.705497324467,-0.0196721386164,0.0111715374514
1624449233641038324,8057,1624449233641351506,iri_wam_link_base,0.15457153535,-0.498470807043,0.187384811824,0.708315193653,0.7055336833,-0.0196727141738,0.0111705269665
1624449233685498729,8058,1624449233685963262,iri_wam_link_base,0.154554719992,-0.498491276398,0.18737150329,0.708281815052,0.705564439297,-0.0197542589158,0.0112008424476
1624449233741155773,8059,1624449233741604670,iri_wam_link_base,0.154554719992,-0.498491276398,0.18737150329,0.708281815052,0.705564439297,-0.0197542589158,0.0112008424476
1624449233785841344,8060,1624449233786100235,iri_wam_link_base,0.154567930491,-0.498487021521,0.1873855652,0.708244144917,0.705600619316,-0.0197888165712,0.0112420786172
1624449233841282866,8061,1624449233841756798,iri_wam_link_base,0.154557124306,-0.498480466797,0.187371001664,0.70832914114,0.705519855022,-0.019676854834,0.0111531438306
1624449233886027277,8062,1624449233886261605,iri_wam_link_base,0.154557124306,-0.498480466797,0.187371001664,0.70832914114,0.705519855022,-0.019676854834,0.0111531438306
1624449233941516614,8063,1624449233941890530,iri_wam_link_base,0.154557124306,-0.498480466797,0.187371001664,0.70832914114,0.705519855022,-0.019676854834,0.0111531438306
1624449233987002135,8064,1624449233987385230,iri_wam_link_base,0.154577451211,-0.498498417651,0.187403687537,0.70825445652,0.705592095852,-0.0197320207953,0.0112309632823
1624449234041602719,8065,1624449234042023554,iri_wam_link_base,0.154561166179,-0.498484257643,0.187371118124,0.708314836025,0.705533564091,-0.0196755379438,0.0111982412636
1624449234087168417,8066,1624449234087648976,iri_wam_link_base,0.154559963644,-0.49848966228,0.187371368939,0.708327412605,0.70551943779,-0.01971366629,0.0112231010571
1624449234141909339,8067,1624449234142160703,iri_wam_link_base,0.154561166179,-0.498484257643,0.187371118124,0.708351075649,0.705497145653,-0.0196749623865,0.0111992526799
1624449234187262635,8068,1624449234187776918,iri_wam_link_base,0.154557124306,-0.498480466797,0.187371001664,0.708292901516,0.70555627346,-0.0196774285287,0.0111521333456
1624449234241908791,8069,1624449234242298637,iri_wam_link_base,0.154564242101,-0.498502673192,0.187389625714,0.708292067051,0.705555915833,-0.019697457552,0.0111897327006
1624449234287379249,8070,1624449234287909552,iri_wam_link_base,0.154565445239,-0.498497268356,0.187389375233,0.7083157897,0.705533504486,-0.0196587461978,0.0111658871174
1624449234343089792,8071,1624449234342429884,iri_wam_link_base,0.154566649034,-0.498491863485,0.187389125248,0.70831656456,0.705533921719,-0.0196387208998,0.0111282886937
1624449234387526431,8072,1624449234388040459,iri_wam_link_base,0.154573100668,-0.49848484519,0.187388742633,0.708408713341,0.70544397831,-0.0195407178253,0.011140467599
1624449234443185202,8073,1624449234443670560,iri_wam_link_base,0.154564353002,-0.498448037141,0.187369508679,0.708434939384,0.705422282219,-0.019445149228,0.0110090756789
1624449234487649691,8074,1624449234488182026,iri_wam_link_base,0.154569602302,-0.498446424191,0.187369376293,0.708444297314,0.70541369915,-0.0194051060826,0.0110303480178
1624449234543377874,8075,1624449234543808424,iri_wam_link_base,0.15457201853,-0.498435614316,0.187368883088,0.708455383778,0.7054053545,-0.0193282160908,0.010981682688
1624449234587791535,8076,1624449234588313978,iri_wam_link_base,0.154586400708,-0.498425390511,0.187386033671,0.708560168743,0.705307543278,-0.01911637187,0.0108753368258
1624449234643471688,8077,1624449234643939466,iri_wam_link_base,0.154583571071,-0.498416191601,0.187385677507,0.70848941803,0.705380737782,-0.019080620259,0.0108034452423
1624449234688989526,8078,1624449234688453006,iri_wam_link_base,0.154587613739,-0.498419985332,0.187385790378,0.70847517252,0.705394387245,-0.0190792959183,0.010848573409
1624449234743736366,8079,1624449234744080055,iri_wam_link_base,0.154576453332,-0.498393984918,0.187367060034,0.708454012871,0.705417394638,-0.0190611518919,0.0107648605481
1624449234789135025,8080,1624449234789648692,iri_wam_link_base,0.154575240346,-0.498399390295,0.187367302666,0.708394169807,0.705476105213,-0.0191004555672,0.0107876965776
1624449234843757261,8081,1624449234844247222,iri_wam_link_base,0.154564874598,-0.498412843446,0.18735360626,0.70839381218,0.705475926399,-0.019103275612,0.0108154527843
1624449234889308941,8082,1624449234889799927,iri_wam_link_base,0.154568356221,-0.498451265921,0.187372956594,0.708358287811,0.705506265163,-0.0192389860749,0.0109254838899
1624449234943957598,8083,1624449234944385456,iri_wam_link_base,0.154557196484,-0.49842526551,0.187354224419,0.708300888538,0.70556563139,-0.0192213878036,0.0108407875523
1624449234989428736,8084,1624449234989926706,iri_wam_link_base,0.154564313899,-0.498447472751,0.187372842914,0.708300054073,0.705565333366,-0.0192414186895,0.010878385976
1624449235045094389,8085,1624449235045448566,iri_wam_link_base,0.15457872308,-0.498437812833,0.187386652657,0.708286166191,0.705579102039,-0.019237279892,0.0108957588673
1624449235089541342,8086,1624449235090062529,iri_wam_link_base,0.154557196484,-0.49842526551,0.187354224419,0.708300888538,0.70556563139,-0.0192213878036,0.0108407875523
1624449235145249200,8087,1624449235145726190,iri_wam_link_base,0.154561238802,-0.498429058696,0.18735433769,0.708322823048,0.70554292202,-0.0192195195705,0.0108868964016
1624449235189680625,8088,1624449235190198031,iri_wam_link_base,0.15457685886,-0.498413994151,0.18736790263,0.708332598209,0.705534398556,-0.0191766340286,0.0108804525807
1624449235245400194,8089,1624449235245867816,iri_wam_link_base,0.15458235809,-0.49842159696,0.187385920551,0.708357095718,0.705512166023,-0.0191210359335,0.0108243152499
1624449235289791697,8090,1624449235290329472,iri_wam_link_base,0.154586400708,-0.498425390511,0.187386033671,0.708379030228,0.705489516258,-0.0191191639751,0.0108704259619
1624449235345522592,8091,1624449235346003275,iri_wam_link_base,0.154570376574,-0.498420446346,0.187371625539,0.708418309689,0.705453693867,-0.0190476644784,0.0107593229041
1624449235390885229,8092,1624449235390457328,iri_wam_link_base,0.154563259176,-0.498398239015,0.187353009098,0.708419084549,0.705454051495,-0.0190276410431,0.0107217207551
1624449235445659915,8093,1624449235446141033,iri_wam_link_base,0.154576453332,-0.498393984918,0.187367060034,0.708381533623,0.705490171909,-0.0190622583032,0.010762902908
1624449235491071283,8094,1624449235491537069,iri_wam_link_base,0.154581709686,-0.498392373437,0.187366930109,0.708390951157,0.705481469631,-0.0190221853554,0.0107842199504
1624449235545833163,8095,1624449235546283098,iri_wam_link_base,0.154579281286,-0.498402619412,0.187370772003,0.708462297916,0.705414533615,-0.0188918504864,0.0107082612813
1624449235591255706,8096,1624449235591739917,iri_wam_link_base,0.154574598912,-0.498369601286,0.187351677613,0.708474159241,0.705406486988,-0.0187948364764,0.01062209066
1624449235645939788,8097,1624449235646420828,iri_wam_link_base,0.154577673427,-0.49838801354,0.187370181065,0.708451330662,0.705428898335,-0.0188167206943,0.010613584891
1624449235691390779,8098,1624449235691894739,iri_wam_link_base,0.154573381078,-0.498375006674,0.187351916957,0.708450496197,0.70542883873,-0.0188336074352,0.0106458896771
1624449235747228721,8099,1624449235746550834,iri_wam_link_base,0.154566904662,-0.498382022711,0.18735228586,0.70834505558,0.705532610416,-0.018913552165,0.0106464084238
1624449235791535707,8100,1624449235792039865,iri_wam_link_base,0.154575633695,-0.49841883522,0.187371495734,0.70835518837,0.705517828465,-0.0190086960793,0.010778692551
1624449235847480606,8101,1624449235847747091,iri_wam_link_base,0.154574419143,-0.498424240422,0.18737173797,0.708295226097,0.705576658249,-0.0190480165184,0.0108015201986
1624449235891694553,8102,1624449235892178896,iri_wam_link_base,0.154571591076,-0.498415040962,0.187371383552,0.708296954632,0.705576956272,-0.0190111137927,0.0107316076756
1624449235947618322,8103,1624449235947919140,iri_wam_link_base,0.154563259176,-0.498398239015,0.187353009098,0.708274126053,0.705599606037,-0.0190298445523,0.0107178110629
1624449235991807296,8104,1624449235992307505,iri_wam_link_base,0.154567301741,-0.498402033109,0.18735312112,0.708296120167,0.705576837063,-0.0190279837698,0.010763918981
