%time,field.header.seq,field.header.stamp,field.header.frame_id,field.pose.position.x,field.pose.position.y,field.pose.position.z,field.pose.orientation.x,field.pose.orientation.y,field.pose.orientation.z,field.pose.orientation.w
1624449308149425475,9542,1624449308149714772,iri_wam_link_base,-0.00149119275219,-0.405127254755,0.341789980664,0.705929040909,0.708259820938,0.00430852686986,-0.00369884911925
1624449308201525047,9543,1624449308201795025,iri_wam_link_base,-0.00147639614583,-0.405127308948,0.341789980664,0.705879688263,0.70830899477,0.00430864933878,-0.00369870662689
1624449308250507121,9544,1624449308249855639,iri_wam_link_base,-0.00148442389357,-0.405110575103,0.341809779715,0.705879747868,0.708309113979,0.00429960014299,-0.00367310992442
1624449308302579498,9545,1624449308302906624,iri_wam_link_base,-0.00149599618294,-0.405117638423,0.341801357688,0.705895602703,0.708293259144,0.004300262779,-0.00368720572442
1624449308350691167,9546,1624449308350946782,iri_wam_link_base,-0.00149119275219,-0.405127254755,0.341789980664,0.705892622471,0.708296120167,0.00430871639401,-0.0036986276973
1624449308402736498,9547,1624449308403149133,iri_wam_link_base,-0.00147639614583,-0.405127308948,0.341789980664,0.705879688263,0.70830899477,0.00430864933878,-0.00369870662689
1624449308450946359,9548,1624449308451181930,iri_wam_link_base,-0.00149119275219,-0.405127254755,0.341789980664,0.705892622471,0.708296120167,0.00430871639401,-0.0036986276973
1624449308503031866,9549,1624449308503299012,iri_wam_link_base,-0.00151079243609,-0.405117583514,0.341801357688,0.705944955349,0.708244025707,0.0043001412414,-0.0036873484496
1624449308550874007,9550,1624449308551319912,iri_wam_link_base,-0.00149119275219,-0.405127254755,0.341789980664,0.705892622471,0.708296120167,0.00430871639401,-0.0036986276973
1624449308603038648,9551,1624449308603433452,iri_wam_link_base,-0.00151079243609,-0.405117583514,0.341801357688,0.705908536911,0.708280324936,0.00430033029988,-0.00368712726049
1624449308651097553,9552,1624449308651463716,iri_wam_link_base,-0.00149599618294,-0.405117638423,0.341801357688,0.705895602703,0.708293259144,0.004300262779,-0.00368720572442
1624449308703173114,9553,1624449308703562556,iri_wam_link_base,-0.00149119275219,-0.405127254755,0.341789980664,0.705892622471,0.708296120167,0.00430871639401,-0.0036986276973
1624449308751342354,9554,1624449308751604988,iri_wam_link_base,-0.00149119275219,-0.405127254755,0.341789980664,0.705892622471,0.708296120167,0.00430871639401,-0.0036986276973
1624449308803418960,9555,1624449308803703318,iri_wam_link_base,-0.00149119275219,-0.405127254755,0.341789980664,0.705892622471,0.708296120167,0.00430871639401,-0.0036986276973
1624449308851372161,9556,1624449308851743873,iri_wam_link_base,-0.00149119275219,-0.405127254755,0.341789980664,0.705892622471,0.708296120167,0.00430871639401,-0.0036986276973
1624449308904879068,9557,1624449308903870306,iri_wam_link_base,-0.00149119275219,-0.405127254755,0.341789980664,0.705892622471,0.708296120167,0.00430871639401,-0.0036986276973
1624449308952500806,9558,1624449308951895463,iri_wam_link_base,-0.00150603416075,-0.405113496333,0.341801408224,0.705923974514,0.708264648914,0.00435159681365,-0.00368324131705
1624449309004932797,9559,1624449309005395249,iri_wam_link_base,-0.00149119275219,-0.405127254755,0.341789980664,0.705892622471,0.708296120167,0.00430871639401,-0.0036986276973
1624449309052629730,9560,1624449309053011504,iri_wam_link_base,-0.00151079243609,-0.405117583514,0.341801357688,0.705908536911,0.708280324936,0.00430033029988,-0.00368712726049
1624449309105171609,9561,1624449309105535207,iri_wam_link_base,-0.00147639614583,-0.405127308948,0.341789980664,0.705879688263,0.70830899477,0.00430864933878,-0.00369870662689
1624449309152915564,9562,1624449309153262253,iri_wam_link_base,-0.00149178727895,-0.405110732212,0.341766855321,0.705895423889,0.708292961121,0.00434162095189,-0.00372538715601
1624449309205229201,9563,1624449309205680713,iri_wam_link_base,-0.00149119275219,-0.405127254755,0.341789980664,0.705892622471,0.708296120167,0.00430871639401,-0.0036986276973
1624449309252946577,9564,1624449309253406974,iri_wam_link_base,-0.001479620019,-0.405120191395,0.341798403056,0.70587682724,0.708311975002,0.004308053758,-0.00368453143165
1624449309305349501,9565,1624449309305819029,iri_wam_link_base,-0.00149119275219,-0.405127254755,0.341789980664,0.705892622471,0.708296120167,0.00430871639401,-0.0036986276973
1624449309353111987,9566,1624449309353562538,iri_wam_link_base,-0.001479620019,-0.405120191395,0.341798403056,0.70587682724,0.708311975002,0.004308053758,-0.00368453143165
1624449309406469880,9567,1624449309405952591,iri_wam_link_base,-0.00151079243609,-0.405117583514,0.341801357688,0.705908536911,0.708280324936,0.00430033029988,-0.00368712726049
1624449309453273862,9568,1624449309453719289,iri_wam_link_base,-0.00149119275219,-0.405127254755,0.341789980664,0.705892622471,0.708296120167,0.00430871639401,-0.0036986276973
1624449309506650811,9569,1624449309507091025,iri_wam_link_base,-0.00149119275219,-0.405127254755,0.341789980664,0.705892622471,0.708296120167,0.00430871639401,-0.0036986276973
1624449309553364607,9570,1624449309553863035,iri_wam_link_base,-0.00149119275219,-0.405127254755,0.341789980664,0.705892622471,0.708296120167,0.00430871639401,-0.0036986276973
1624449309606795735,9571,1624449309607267444,iri_wam_link_base,-0.00149119275219,-0.405127254755,0.341789980664,0.705856204033,0.708332359791,0.00430890684947,-0.00369840650819
1624449309654810164,9572,1624449309654010937,iri_wam_link_base,-0.00151079243609,-0.405117583514,0.341801357688,0.705893218517,0.708295941353,0.0042490651831,-0.00369101203978
1624449309706918416,9573,1624449309707407097,iri_wam_link_base,-0.00149119275219,-0.405127254755,0.341789980664,0.705892622471,0.708296120167,0.00430871639401,-0.0036986276973
1624449309754968308,9574,1624449309755454283,iri_wam_link_base,-0.00151079243609,-0.405117583514,0.341801357688,0.705908536911,0.708280324936,0.00430033029988,-0.00368712726049
1624449309807283895,9575,1624449309807568919,iri_wam_link_base,-0.00147699127604,-0.405110786427,0.341766855321,0.705846071243,0.708342134953,0.00434174388647,-0.00372524303384
1624449309855155740,9576,1624449309855597183,iri_wam_link_base,-0.00149178727895,-0.405110732212,0.341766855321,0.705895423889,0.708292961121,0.00434162095189,-0.00372538715601
1624449309907325634,9577,1624449309907779196,iri_wam_link_base,-0.00149059789269,-0.405143775341,0.341813107396,0.705853521824,0.708335399628,0.00427600182593,-0.00367164937779
1624449309955258518,9578,1624449309955736681,iri_wam_link_base,-0.00149119275219,-0.405127254755,0.341789980664,0.705892622471,0.708296120167,0.00430871639401,-0.0036986276973
1624449310007502802,9579,1624449310007919465,iri_wam_link_base,-0.00149119275219,-0.405127254755,0.341789980664,0.705892622471,0.708296120167,0.00430871639401,-0.0036986276973
1624449310055402159,9580,1624449310055879256,iri_wam_link_base,-0.00149119275219,-0.405127254755,0.341789980664,0.705892622471,0.708296120167,0.00430871639401,-0.0036986276973
1624449310108752478,9581,1624449310108051192,iri_wam_link_base,-0.00149119275219,-0.405127254755,0.341789980664,0.705892622471,0.708296120167,0.00430871639401,-0.0036986276973
1624449310156573006,9582,1624449310156018559,iri_wam_link_base,-0.00149119275219,-0.405127254755,0.341789980664,0.705892622471,0.708296120167,0.00430871639401,-0.0036986276973
1624449310208970637,9583,1624449310209271527,iri_wam_link_base,-0.00146482367062,-0.405120245165,0.341798403056,0.705863893032,0.708324849606,0.00430798670277,-0.0036846101284
1624449310256838642,9584,1624449310257092833,iri_wam_link_base,-0.00149119275219,-0.405127254755,0.341789980664,0.705892622471,0.708296120167,0.00430871639401,-0.0036986276973
1624449310308996636,9585,1624449310309455062,iri_wam_link_base,-0.00147639614583,-0.405127308948,0.341789980664,0.705879688263,0.70830899477,0.00430864933878,-0.00369870662689
1624449310356956088,9586,1624449310357315572,iri_wam_link_base,-0.00149912286136,-0.405125931342,0.341789989494,0.705861508846,0.708327054977,0.00427061738446,-0.00375222787261
1624449310409150207,9587,1624449310409589120,iri_wam_link_base,-0.00148643465991,-0.405123167362,0.341790031295,0.705908119678,0.708280384541,0.00435998337343,-0.00369474361651
1624449310457108182,9588,1624449310457473659,iri_wam_link_base,-0.0014731784741,-0.405146423852,0.341778494651,0.705877065659,0.708312153816,0.00425267312676,-0.00366429472342
1624449310509352399,9589,1624449310509723281,iri_wam_link_base,-0.00140891398264,-0.405214334899,0.341673033837,0.705900192261,0.708288967609,0.00425171898678,-0.00369551335461
1624449310557195729,9590,1624449310557606211,iri_wam_link_base,-0.00104904708276,-0.405530090747,0.341430186145,0.705767810345,0.708425402641,0.00389527785592,-0.0031838901341
1624449310609419181,9591,1624449310609861423,iri_wam_link_base,-0.000211614395827,-0.406394055908,0.340751536174,0.706625044346,0.707580924034,0.00318877538666,0.000348234170815
1624449310657247003,9592,1624449310657740945,iri_wam_link_base,0.000605049574583,-0.407070264124,0.339661547518,0.706380069256,0.707823991776,0.00352894538082,4.30557629443e-05
1624449310709522407,9593,1624449310710012942,iri_wam_link_base,0.00164313914682,-0.408650143407,0.338041604093,0.70569986105,0.708508729935,0.0015940888552,-0.000736242334824
1624449310757406478,9594,1624449310757871420,iri_wam_link_base,0.0026536386543,-0.410634140508,0.335737029634,0.705694556236,0.708515584469,-0.000790892983787,-0.000458412891021
1624449310810717467,9595,1624449310811082996,iri_wam_link_base,0.00348140594509,-0.413183088542,0.332841214253,0.706212639809,0.707995951176,-0.00187691068277,-0.00137407355942
1624449310857595449,9596,1624449310858011817,iri_wam_link_base,0.00403574218175,-0.415596417941,0.330059594212,0.706719040871,0.707481682301,-0.00208704732358,-0.00367466104217
1624449310910834945,9597,1624449310911334294,iri_wam_link_base,0.00504942410343,-0.418731471933,0.326700617096,0.707569122314,0.706629931927,-0.00237474730238,-0.00379208754748
1624449310958821151,9598,1624449310958146399,iri_wam_link_base,0.00576139001482,-0.42138923241,0.323783379892,0.708099663258,0.706095576286,-0.00259163905866,-0.0041511808522
1624449311011021333,9599,1624449311011489611,iri_wam_link_base,0.00616510845016,-0.423910008388,0.320903010158,0.70823597908,0.705941438675,-0.0035078288056,-0.00601934222504
1624449311058872174,9600,1624449311059365076,iri_wam_link_base,0.00628880727387,-0.426320337273,0.318506783953,0.708345592022,0.705805420876,-0.00700483843684,-0.00600925786421
1624449311111117504,9601,1624449311111624691,iri_wam_link_base,0.00605286138098,-0.42812154608,0.316369046286,0.708787441254,0.705341100693,-0.00731034530327,-0.00779562443495
1624449311159084958,9602,1624449311159504212,iri_wam_link_base,0.00628112878452,-0.429898851445,0.314436627393,0.708908379078,0.705223619938,-0.00780138093978,-0.00690587889403
1624449311211276332,9603,1624449311211754197,iri_wam_link_base,0.00685707024459,-0.431932846719,0.312226384488,0.709389030933,0.704744160175,-0.00824933964759,-0.00590417766944
1624449311259184385,9604,1624449311259670464,iri_wam_link_base,0.00729105671067,-0.433671644829,0.310095006049,0.709492564201,0.704625785351,-0.00848788768053,-0.00712619163096
1624449311311441070,9605,1624449311311896971,iri_wam_link_base,0.00744112367867,-0.436046750812,0.307571037522,0.709116995335,0.70500344038,-0.00960058253258,-0.00557415978983
1624449311359354120,9606,1624449311359807124,iri_wam_link_base,0.00725832405057,-0.43810237209,0.304973036552,0.708313703537,0.705795705318,-0.00948060583323,-0.00736026838422
1624449311411661100,9607,1624449311412041336,iri_wam_link_base,0.00695909367579,-0.440796381794,0.301926120089,0.709152817726,0.704944252968,-0.0105987042189,-0.00659919949248
1624449311459477075,9608,1624449311459942796,iri_wam_link_base,0.00680914685634,-0.443598276813,0.299012367379,0.70943492651,0.704647421837,-0.0119195152074,-0.0056642042473
1624449311512768083,9609,1624449311512179714,iri_wam_link_base,0.0071148062837,-0.448545068151,0.295968107533,0.708801150322,0.705195844173,-0.0170887932181,0.00276448228396
1624449311559684524,9610,1624449311560078678,iri_wam_link_base,0.00751702832033,-0.454692688432,0.294871031795,0.708331286907,0.705474436283,-0.0228401906788,0.0071368990466
1624449311613093917,9611,1624449311613370384,iri_wam_link_base,0.00856641391387,-0.464784708418,0.296156055467,0.708017468452,0.70546323061,-0.0310797058046,0.00817902293056
1624449311660949737,9612,1624449311661204760,iri_wam_link_base,0.00990010974824,-0.475671340617,0.298303631976,0.707564592361,0.705434501171,-0.0400618314743,0.0104681439698
1624449311713056913,9613,1624449311713518083,iri_wam_link_base,0.0117873179096,-0.486820918934,0.299001995072,0.708395063877,0.704482197762,-0.041640855372,0.0121365971863
1624449311760936829,9614,1624449311761394394,iri_wam_link_base,0.0126836703792,-0.496713850292,0.297721037024,0.707965373993,0.704893767834,-0.0422681681812,0.0110997511074
1624449311813261344,9615,1624449311813651558,iri_wam_link_base,0.0122795245262,-0.506764254643,0.295162005855,0.708082377911,0.704717993736,-0.0438340827823,0.00839731283486
1624449311861116706,9616,1624449311861538670,iri_wam_link_base,0.0117574151591,-0.515739581164,0.292943901395,0.708073019981,0.70484495163,-0.0421403162181,0.00710322940722
1624449311913379303,9617,1624449311913786280,iri_wam_link_base,0.0111652955257,-0.52569784414,0.291757948782,0.709034144878,0.703782379627,-0.0436716899276,0.0073268674314
1624449311961272402,9618,1624449311961677293,iri_wam_link_base,0.0109008584575,-0.53481579906,0.291779820023,0.708294510841,0.704465866089,-0.0442197173834,0.00955822877586
1624449312013430193,9619,1624449312013915737,iri_wam_link_base,0.0104111872158,-0.544637902444,0.292510940124,0.707946360111,0.704856038094,-0.042554795742,0.0133789582178
1624449312061449280,9620,1624449312061818142,iri_wam_link_base,0.0100596701108,-0.554132116917,0.293081303884,0.707792818546,0.704856693745,-0.0440776348114,0.0162338539958
1624449312113641350,9621,1624449312114051494,iri_wam_link_base,0.00970205566645,-0.563901921463,0.292867675981,0.708380699158,0.704162180424,-0.0450119674206,0.0180638823658
1624449312161519202,9622,1624449312161955037,iri_wam_link_base,0.00938376014957,-0.572785678118,0.291816231162,0.708701193333,0.703723192215,-0.0466570518911,0.0184226986021
1624449312214781125,9623,1624449312214193137,iri_wam_link_base,0.00955963368191,-0.583028649566,0.290645677689,0.708668351173,0.703616201878,-0.0482470132411,0.0196382291615
1624449312262849428,9624,1624449312262107399,iri_wam_link_base,0.00983427467634,-0.592827756599,0.290130218154,0.70863866806,0.703674256802,-0.0479007288814,0.0194761604071
1624449312314947341,9625,1624449312315402146,iri_wam_link_base,0.00980689023496,-0.604076613186,0.290488963227,0.708540737629,0.70382797718,-0.047117408365,0.0193944908679
1624449312363040003,9626,1624449312363372226,iri_wam_link_base,0.00947044043031,-0.613483719288,0.290691496673,0.708774447441,0.703647196293,-0.0460503213108,0.0199678111821
1624449312419117094,9627,1624449312417180317,iri_wam_link_base,0.00855880237556,-0.623981419586,0.290146339273,0.708725035191,0.703611552715,-0.0459434352815,0.0229954291135
1624449312463150276,9628,1624449312463518447,iri_wam_link_base,0.00742794192321,-0.630211279909,0.288813147652,0.707934558392,0.704788446426,-0.0411389134824,0.0202370006591
1624449312519327834,9629,1624449312519672563,iri_wam_link_base,0.00572986514652,-0.634516966135,0.285739786222,0.708159863949,0.705029785633,-0.0347623080015,0.0153040969744
1624449312563290174,9630,1624449312563652655,iri_wam_link_base,0.0046617732149,-0.635412693846,0.283690050845,0.708497881889,0.70483982563,-0.0323278903961,0.0136545309797
1624449312619378196,9631,1624449312619805241,iri_wam_link_base,0.00433175088587,-0.635298882458,0.283919729142,0.70846259594,0.704882144928,-0.032175168395,0.0136634139344
1624449312663321835,9632,1624449312663794133,iri_wam_link_base,0.00406889182733,-0.635006531149,0.284767405886,0.708358883858,0.704954743385,-0.0326703861356,0.0141133591533
1624449312719500756,9633,1624449312719940797,iri_wam_link_base,0.00392165981704,-0.634816472659,0.285204331452,0.708305776119,0.70499765873,-0.0328350476921,0.0142502794042
1624449312763547683,9634,1624449312763928497,iri_wam_link_base,0.00390101770776,-0.63480072429,0.28522590644,0.708271682262,0.705032944679,-0.0328335501254,0.014204791747
1624449312819649821,9635,1624449312820089591,iri_wam_link_base,0.00389205753246,-0.634812614406,0.285238511629,0.708262264729,0.705042421818,-0.0328524447978,0.0141589557752
1624449312867443632,9636,1624449312866743991,iri_wam_link_base,0.00391030478894,-0.634822347905,0.285216598667,0.708249986172,0.705055713654,-0.0328339263797,0.0141533175483
1624449312920738621,9637,1624449312920225057,iri_wam_link_base,0.00393586904965,-0.634827450451,0.285250669468,0.708201944828,0.705103993416,-0.0328098759055,0.0142092043534
1624449312967692211,9638,1624449312968056275,iri_wam_link_base,0.00382959549009,-0.634251270757,0.285360607861,0.708056867123,0.705422222614,-0.0301091559231,0.0113302310929
1624449313020910462,9639,1624449313021299911,iri_wam_link_base,0.00344190330799,-0.631929145403,0.286359685245,0.708295941353,0.705676913261,-0.0180108062923,0.00353676942177
1624449313068700058,9640,1624449313068242572,iri_wam_link_base,0.00238984281255,-0.62977198873,0.288319024243,0.708814382553,0.705304980278,-0.0112359840423,-0.000853445555549
1624449313121108881,9641,1624449313121502544,iri_wam_link_base,0.000686709342775,-0.626344439961,0.291833213083,0.708960056305,0.705206334591,-0.00362959620543,-0.0068217292428
1624449313168918490,9642,1624449313169318665,iri_wam_link_base,-0.0011849044633,-0.621853796009,0.294949906985,0.709057033062,0.70506298542,0.00389808951877,-0.0104429842904
1624449313221244470,9643,1624449313221678905,iri_wam_link_base,-0.00343297800157,-0.614451506821,0.296773278803,0.70912361145,0.70490270853,0.0107722794637,-0.0118247335777
1624449313269156872,9644,1624449313269495625,iri_wam_link_base,-0.00540128186752,-0.605053774721,0.296756216837,0.708576738834,0.705225169659,0.0207796189934,-0.0120277153328
1624449313321435413,9645,1624449313321810031,iri_wam_link_base,-0.00750259779286,-0.593687136335,0.296297164928,0.708804309368,0.704625785351,0.0302352365106,-0.0135948909447
1624449313369349309,9646,1624449313369650267,iri_wam_link_base,-0.00923295663484,-0.583290262423,0.296344500885,0.708221852779,0.70500087738,0.034009937197,-0.0154579710215
1624449313421485708,9647,1624449313421946333,iri_wam_link_base,-0.0100705108295,-0.572352002431,0.296796749249,0.707145035267,0.70608407259,0.0336009003222,-0.0161881502718
1624449313469383096,9648,1624449313469799760,iri_wam_link_base,-0.00948987856086,-0.562405721917,0.297280456067,0.706244289875,0.707033395767,0.0335287228227,-0.0140921976417
1624449313521681649,9649,1624449313522091747,iri_wam_link_base,-0.00854828633291,-0.551213925975,0.29694929915,0.705475509167,0.707728266716,0.0346774272621,-0.0149165159091
1624449313569520864,9650,1624449313569929969,iri_wam_link_base,-0.00806761726099,-0.541478208362,0.295916775823,0.705350995064,0.708016633987,0.0320758782327,-0.0127873979509
1624449313621837579,9651,1624449313622245206,iri_wam_link_base,-0.00772664120769,-0.529931988702,0.294276497371,0.70523661375,0.708133220673,0.0320143438876,-0.0127946985886
1624449313669726432,9652,1624449313670065092,iri_wam_link_base,-0.00695819927399,-0.518735952432,0.292742808291,0.705141603947,0.708265542984,0.0312187559903,-0.0126751549542
1624449313722939198,9653,1624449313723362617,iri_wam_link_base,-0.0067130512065,-0.506327611261,0.292262975923,0.705597281456,0.707928597927,0.0283270590007,-0.0129267768934
1624449313769807840,9654,1624449313770204547,iri_wam_link_base,-0.0069328427104,-0.496649019818,0.292837117519,0.704938113689,0.708665847778,0.0268879178911,-0.0114892711863
1624449313823048798,9655,1624449313823552233,iri_wam_link_base,-0.00730786240578,-0.486005451623,0.294190167144,0.704861164093,0.708687484264,0.0284816920757,-0.0110297957435
1624449313870978793,9656,1624449313870343578,iri_wam_link_base,-0.00778894659737,-0.477063954617,0.29484065893,0.704730212688,0.708811342716,0.028726497665,-0.0107981218025
1624449313923322030,9657,1624449313923704717,iri_wam_link_base,-0.00817627624548,-0.467354150417,0.294411890285,0.70578032732,0.707661986351,0.0311037469655,-0.011008781381
1624449313971126906,9658,1624449313971547446,iri_wam_link_base,-0.00811721240059,-0.458457028098,0.293207548915,0.705630719662,0.707683563232,0.0341252461076,-0.0102317268029
1624449314023398775,9659,1624449314023841962,iri_wam_link_base,-0.00788793000738,-0.448888198411,0.291510030183,0.704677641392,0.708640515804,0.0332734361291,-0.0122873010114
1624449314071422210,9660,1624449314071712989,iri_wam_link_base,-0.00709361979172,-0.43932512616,0.290139653744,0.704785883427,0.708507597446,0.0332491621375,-0.0137245953083
1624449314123500878,9661,1624449314123978959,iri_wam_link_base,-0.00598044924257,-0.428218324133,0.289295922083,0.705218553543,0.708170831203,0.0308968797326,-0.0143622504547
1624449314171408154,9662,1624449314171883653,iri_wam_link_base,-0.00503052210129,-0.417307784144,0.289333230781,0.704890012741,0.708592295647,0.0288452599198,-0.0139644788578
1624449314223674288,9663,1624449314224115349,iri_wam_link_base,-0.00470095360038,-0.405467165232,0.290217068339,0.70473921299,0.70879638195,0.0281549692154,-0.012553547509
1624449314271611249,9664,1624449314272023417,iri_wam_link_base,-0.00536013292673,-0.395007477148,0.291563581648,0.705698907375,0.707833588123,0.0290405806154,-0.0108336079866
1624449314323870216,9665,1624449314324252819,iri_wam_link_base,-0.00661928199097,-0.384463635707,0.292813812139,0.70507889986,0.708494722843,0.0284201148897,-0.00955477077514
1624449314371709173,9666,1624449314372162952,iri_wam_link_base,-0.0076175668085,-0.375285979912,0.29320323715,0.704883873463,0.708651304245,0.0294787604362,-0.00911311339587
1624449314424991067,9667,1624449314424381930,iri_wam_link_base,-0.00786235680981,-0.365407172386,0.29248447821,0.705044448376,0.708308458328,0.0333998315036,-0.00979255978018
1624449314472870098,9668,1624449314472313760,iri_wam_link_base,-0.00769557102788,-0.357592202288,0.291085559063,0.705002248287,0.708302915096,0.0342366732657,-0.0103253480047
1624449314525190879,9669,1624449314525592709,iri_wam_link_base,-0.00676982167131,-0.348415609389,0.289037969302,0.705045580864,0.708328425884,0.031790189445,-0.0130740823224
1624449314573023140,9670,1624449314573499252,iri_wam_link_base,-0.00541303259263,-0.339461068229,0.287495252026,0.704589247704,0.708723127842,0.0323475897312,-0.0148041974753
1624449314625373069,9671,1624449314625761840,iri_wam_link_base,-0.00402825481099,-0.329699112477,0.28702635586,0.70492875576,0.708455324173,0.0306743178517,-0.0150189241394
1624449314673248338,9672,1624449314673653594,iri_wam_link_base,-0.00319497838738,-0.320203476521,0.287474410994,0.704969525337,0.708460986614,0.0301554072648,-0.0138448113576
1624449314725548595,9673,1624449314725941049,iri_wam_link_base,-0.00334252475925,-0.309197359646,0.288391589446,0.705058515072,0.708341419697,0.0316800028086,-0.0118893189356
1624449314773299701,9674,1624449314773781905,iri_wam_link_base,-0.00460450184611,-0.298692357813,0.28911901384,0.704453885555,0.708975434303,0.0316477380693,-0.00984836369753
1624449314825685680,9675,1624449314826076889,iri_wam_link_base,-0.00654953691472,-0.286671664957,0.289072458798,0.70484495163,0.708551049232,0.0328108333051,-0.0085134236142
1624449314873456655,9676,1624449314873922668,iri_wam_link_base,-0.00837742997635,-0.276008301242,0.288521135074,0.704839527607,0.708606004715,0.0319347009063,-0.00768356211483
1624449314925794043,9677,1624449314926221672,iri_wam_link_base,-0.00959635545987,-0.265114955077,0.287871428601,0.704735159874,0.708580553532,0.0348248593509,-0.00701428437606
1624449314973607285,9678,1624449314974069807,iri_wam_link_base,-0.010479596641,-0.258666657993,0.288391073083,0.704773843288,0.708844721317,0.0287470947951,-0.00258009345271
1624449315026880854,9679,1624449315026352450,iri_wam_link_base,-0.0106099578447,-0.255887345801,0.290612460299,0.705232799053,0.708634495735,0.0218778904527,0.00228615500964
1624449315073824293,9680,1624449315074206783,iri_wam_link_base,-0.00975332224715,-0.254644205963,0.291719553567,0.705152750015,0.708736240864,0.0208746548742,0.0040961666964
1624449315127074963,9681,1624449315127442018,iri_wam_link_base,-0.00922913810412,-0.254528655843,0.291829874907,0.705326735973,0.708561778069,0.0208881534636,0.00425396347418
1624449315173826723,9682,1624449315174334567,iri_wam_link_base,-0.00883263096084,-0.254762679382,0.291653901606,0.705290675163,0.708599627018,0.0208811163902,0.00394224142656
1624449315227353622,9683,1624449315227667154,iri_wam_link_base,-0.0083132923748,-0.255031218922,0.29143408569,0.705186128616,0.708702027798,0.0210280772299,0.00343036069535
1624449315275045135,9684,1624449315274467585,iri_wam_link_base,-0.00814114347799,-0.255151922424,0.291345089193,0.705262303352,0.708629012108,0.0209614504129,0.003261575941
1624449315327391196,9685,1624449315327797678,iri_wam_link_base,-0.00812835878617,-0.255140052205,0.291351903109,0.705338835716,0.708551645279,0.0210025534034,0.00326335034333
1624449315375248248,9686,1624449315375681544,iri_wam_link_base,-0.00814655475165,-0.255137056198,0.291357956697,0.705371260643,0.708520770073,0.0209504328668,0.00328292115591
1624449315427465250,9687,1624449315427936367,iri_wam_link_base,-0.00813179930753,-0.255144707985,0.291351668191,0.705391645432,0.708500385284,0.0209557414055,0.00326875364408
1624449315475353681,9688,1624449315475862143,iri_wam_link_base,-0.00800846977283,-0.254820757819,0.29084864612,0.705433726311,0.70844578743,0.0214753765613,0.002578380052
1624449315527592592,9689,1624449315528072571,iri_wam_link_base,-0.00727935824322,-0.252737114727,0.286925416847,0.704986870289,0.70897102356,0.0187254231423,0.00172435387503
1624449315579781959,9690,1624449315579044218,iri_wam_link_base,-0.0057730177786,-0.247430112564,0.276224001138,0.705392062664,0.708780229092,0.00607413658872,0.00397230032831
1624449315627725832,9691,1624449315628204879,iri_wam_link_base,-0.00270834033396,-0.241258597828,0.262876418223,0.705286920071,0.708851873875,-0.00445980718359,0.00891516543925
1624449315679902445,9692,1624449315680356173,iri_wam_link_base,0.00125048444476,-0.238064288757,0.248860261947,0.7058557868,0.708083152771,-0.013113652356,0.0146246096119
1624449315727906159,9693,1624449315728339137,iri_wam_link_base,0.00402568911672,-0.242206085364,0.238594473975,0.70693051815,0.706929624081,-0.0177095960826,0.0136401299387
1624449315781083986,9694,1624449315780496481,iri_wam_link_base,0.00661477332105,-0.254099270545,0.228263557443,0.707646489143,0.706204414368,-0.0214934200048,0.00705733569339
1624449315829040117,9695,1624449315828480468,iri_wam_link_base,0.00842440975919,-0.265883535944,0.216879230731,0.70852637291,0.705300211906,-0.0231583714485,-0.00237861904316
1624449315881316433,9696,1624449315881692708,iri_wam_link_base,0.0105996997792,-0.281642331061,0.200487523611,0.709057688713,0.704616427422,-0.025519400835,-0.0100787626579
1624449315929215768,9697,1624449315929666599,iri_wam_link_base,0.011241458282,-0.296252775969,0.183268553253,0.708815276623,0.704542994499,-0.0279493778944,-0.0204660966992
1624449315981365275,9698,1624449315981846300,iri_wam_link_base,0.0115456095203,-0.311624914511,0.163034097419,0.708258450031,0.704359591007,-0.0340575240552,-0.0329790897667
1624449316029410601,9699,1624449316029819285,iri_wam_link_base,0.0122945630805,-0.324426616521,0.145052777603,0.707639157772,0.703977823257,-0.0397941321135,-0.0455904193223
1624449316081474212,9700,1624449316081979255,iri_wam_link_base,0.0129001777262,-0.338624612493,0.127706385982,0.706762552261,0.703539133072,-0.0467610359192,-0.0577297732234
1624449316129473048,9701,1624449316129951943,iri_wam_link_base,0.0134287652502,-0.353483962687,0.115396157157,0.705879807472,0.703344464302,-0.0505077168345,-0.0670016258955
1624449316181628131,9702,1624449316182105507,iri_wam_link_base,0.0141394027209,-0.370765244914,0.106367040296,0.704487323761,0.703957736492,-0.0572761818767,-0.0697173550725
1624449316229602867,9703,1624449316230085648,iri_wam_link_base,0.0147752389568,-0.384696838504,0.102044932463,0.705045521259,0.703187286854,-0.0619216933846,-0.0678540840745
1624449316281728783,9704,1624449316282246302,iri_wam_link_base,0.0148575800361,-0.397177045944,0.100655422057,0.706641793251,0.701780080795,-0.0641057342291,-0.0636594891548
1624449316329794345,9705,1624449316330221227,iri_wam_link_base,0.0146930156113,-0.408429910849,0.101793107562,0.706464231014,0.702691912651,-0.0605686977506,-0.058854393661
1624449316381870818,9706,1624449316382387699,iri_wam_link_base,0.0139777646907,-0.422344779308,0.104666988199,0.706662714481,0.703384876251,-0.0581310279667,-0.0499823577702
1624449316429923601,9707,1624449316430360456,iri_wam_link_base,0.0131662754021,-0.435885523206,0.107837234751,0.707370638847,0.703797340393,-0.0514848865569,-0.0405628159642
1624449316483081742,9708,1624449316482515552,iri_wam_link_base,0.0122100705897,-0.451558342642,0.11090101629,0.707694172859,0.704524457455,-0.0443880930543,-0.0290509071201
1624449316530944066,9709,1624449316530495960,iri_wam_link_base,0.011446132553,-0.467175033374,0.11259069384,0.708603024483,0.704128026962,-0.0419775545597,-0.0179820153862
1624449316583348750,9710,1624449316583748945,iri_wam_link_base,0.0106641723487,-0.484957383595,0.112686303267,0.708330452442,0.704707562923,-0.0400634519756,-0.00707871001214
1624449316631134533,9711,1624449316631563476,iri_wam_link_base,0.00981686930501,-0.499982804972,0.111604505789,0.708552420139,0.704602658749,-0.0385744161904,0.000793796149082
1624449316683405450,9712,1624449316683918291,iri_wam_link_base,0.00881450442248,-0.514567535448,0.110408739307,0.708781063557,0.704441964626,-0.036654856056,0.00688326638192
1624449316731359389,9713,1624449316731772844,iri_wam_link_base,0.00761382895996,-0.527919515149,0.111531872712,0.708148479462,0.704968690872,-0.037646908313,0.0112943276763
1624449316783547246,9714,1624449316784046424,iri_wam_link_base,0.0063387395435,-0.543349648381,0.117202794566,0.706733226776,0.7063357234,-0.0364893265069,0.0169269163162
1624449316831430668,9715,1624449316831931999,iri_wam_link_base,0.00612104386082,-0.558385681228,0.126647389914,0.704852879047,0.708307266235,-0.032196585089,0.0211337991059
1624449316883720489,9716,1624449316884177490,iri_wam_link_base,0.00654460347054,-0.573270272525,0.139030956541,0.705519199371,0.707854628563,-0.0290034376085,0.0185295622796
1624449316931590304,9717,1624449316932083241,iri_wam_link_base,0.0074899028884,-0.584917528501,0.15090856992,0.705305039883,0.70819658041,-0.0295895896852,0.011265385896
1624449316983817777,9718,1624449316984314048,iri_wam_link_base,0.00852248730625,-0.595309074924,0.162968417231,0.705501973629,0.707878768444,-0.0333626307547,0.00784562248737
1624449317031746732,9719,1624449317032216933,iri_wam_link_base,0.00985741415585,-0.603024575628,0.173376702274,0.70488089323,0.708441674709,-0.0336976088583,0.0108513934538
1624449317083965229,9720,1624449317084445437,iri_wam_link_base,0.0101696438643,-0.610071482382,0.184707879992,0.704687416553,0.708579540253,-0.0335189811885,0.0143945096061
1624449317131949768,9721,1624449317132350217,iri_wam_link_base,0.00921214783482,-0.61615943923,0.196688766921,0.705087125301,0.707958161831,-0.0378765203059,0.0145882694051
1624449317185116769,9722,1624449317184576201,iri_wam_link_base,0.00833328341632,-0.622517508676,0.212038382928,0.704406678677,0.70872348547,-0.0360194928944,0.0149941928685
1624449317232055138,9723,1624449317232489203,iri_wam_link_base,0.00784371495024,-0.628450184343,0.228171194938,0.704756259918,0.70841217041,-0.0355088971555,0.0144889270887
1624449317285299368,9724,1624449317285772285,iri_wam_link_base,0.00745166585909,-0.633852823888,0.246157393401,0.704410433769,0.708850502968,-0.0342965014279,0.0126739554107
1624449317333217441,9725,1624449317332625768,iri_wam_link_base,0.00718015043506,-0.637047995287,0.260717969378,0.704471647739,0.708834707737,-0.0332888290286,0.0128438770771
1624449317385443927,9726,1624449317385924132,iri_wam_link_base,0.00674775338261,-0.63872680634,0.27441831967,0.705614089966,0.707741200924,-0.0326168909669,0.0121382577345
1624449317433371250,9727,1624449317433848039,iri_wam_link_base,0.00599826934962,-0.63930652078,0.286444414524,0.705675363541,0.707733988762,-0.0311392322183,0.0128571642563
1624449317485584858,9728,1624449317486058184,iri_wam_link_base,0.00462543503446,-0.638463399238,0.295309823313,0.706299066544,0.707221388817,-0.0283042918891,0.0133578116074
1624449317533577694,9729,1624449317533985801,iri_wam_link_base,0.00372650842155,-0.637362632785,0.296835272382,0.707430839539,0.706226766109,-0.0249561164528,0.0127482553944
1624449317585706962,9730,1624449317586203626,iri_wam_link_base,0.0039485926897,-0.637945580579,0.295482358324,0.707291245461,0.706396758556,-0.0245285537094,0.0118781765923
1624449317633677483,9731,1624449317634120777,iri_wam_link_base,0.00444853538997,-0.638711825534,0.293828288691,0.70709079504,0.706639826298,-0.0237451381981,0.0109037868679
1624449317685831428,9732,1624449317686340681,iri_wam_link_base,0.00484171218021,-0.639414323626,0.292245033228,0.707046985626,0.706724047661,-0.0229441579431,0.00995962601155
1624449317733811056,9733,1624449317734258641,iri_wam_link_base,0.00491143267693,-0.639826949352,0.291397789178,0.707029461861,0.70675766468,-0.0227195154876,0.00931746978313
1624449317785960955,9734,1624449317786479308,iri_wam_link_base,0.00481478367566,-0.639890932665,0.291258872787,0.7071185112,0.706670343876,-0.0227265991271,0.00915647204965
1624449317833958412,9735,1624449317834392191,iri_wam_link_base,0.00474882618402,-0.639825805402,0.291389835393,0.70714622736,0.706640422344,-0.022790953517,0.00916795339435
1624449317887162583,9736,1624449317886617809,iri_wam_link_base,0.00481807673247,-0.639850272947,0.29133496722,0.707144200802,0.706643819809,-0.0227585062385,0.0091412095353
1624449317934101012,9737,1624449317934527643,iri_wam_link_base,0.00477455567811,-0.639794865863,0.291410378167,0.707114696503,0.706676483154,-0.0227045677602,0.00903435610235
1624449317987322899,9738,1624449317987834596,iri_wam_link_base,0.00328597700001,-0.636918803877,0.293464550504,0.706728160381,0.707339823246,-0.0141420112923,-0.00239146244712
1624449318035319463,9739,1624449318034658504,iri_wam_link_base,0.000738695521224,-0.630499129933,0.300336940405,0.708077728748,0.706001877785,0.00356500549242,-0.0132127162069
1624449318087443140,9740,1624449318087983835,iri_wam_link_base,-0.00341138251275,-0.620196810852,0.314691101445,0.708863735199,0.704893529415,0.0170630645007,-0.0186039283872
1624449318135379479,9741,1624449318135859198,iri_wam_link_base,-0.00748759730302,-0.605733148547,0.33220995657,0.708478152752,0.704925239086,0.0264864135534,-0.020918680355
1624449318187593707,9742,1624449318188111706,iri_wam_link_base,-0.0115979997963,-0.584772997909,0.351574828888,0.708003997803,0.7052308321,0.0329879894853,-0.0170753058046
1624449318235581108,9743,1624449318236015773,iri_wam_link_base,-0.013639202334,-0.560728378335,0.366812802881,0.707004487514,0.706015348434,0.0399891808629,-0.00937712192535
1624449318287720797,9744,1624449318288245031,iri_wam_link_base,-0.0128249683084,-0.531795796906,0.378339359945,0.704514503479,0.708470284939,0.0415083281696,-0.00249265087768
1624449318335701530,9745,1624449318336152948,iri_wam_link_base,-0.0106462659577,-0.504646499604,0.385374150244,0.704477250576,0.708926737309,0.0336800850928,-0.000563629262615
1624449318387919273,9746,1624449318388373051,iri_wam_link_base,-0.00727350626694,-0.476886553417,0.391503292899,0.704151988029,0.709632337093,0.0242282152176,0.00220121955499
1624449318435813947,9747,1624449318436290585,iri_wam_link_base,-0.00370799567719,-0.45318439879,0.397434666007,0.704739332199,0.709241986275,0.0161237604916,0.00763547746465
1624449318487983900,9748,1624449318488504955,iri_wam_link_base,-0.00208916098942,-0.434538264182,0.403657873048,0.705064535141,0.709010183811,-0.00126466201618,0.0136724701151
1624449318536011014,9749,1624449318536427431,iri_wam_link_base,-0.00218698909245,-0.426577448884,0.407322989904,0.705326080322,0.708566427231,-0.0118194194511,0.0175795257092
1624449318589207794,9750,1624449318588633618,iri_wam_link_base,-0.00215700062424,-0.426491966021,0.407100707901,0.707722842693,0.706157028675,-0.0123643362895,0.0178235433996
1624449318636091444,9751,1624449318636577625,iri_wam_link_base,-0.000613353291105,-0.430461671074,0.403220993967,0.706273198128,0.707665979862,-0.0139973405749,0.0138244312257
1624449318689457138,9752,1624449318689773984,iri_wam_link_base,0.00216354496655,-0.436677220681,0.396711451469,0.707544744015,0.706535637379,-0.0116080483422,0.00728785572574
1624449318737250082,9753,1624449318736710967,iri_wam_link_base,0.00406793905605,-0.442829551341,0.390352225233,0.707647800446,0.706508398056,-0.00890210922807,0.0011228894582
1624449318789593620,9754,1624449318790048756,iri_wam_link_base,0.00488366901458,-0.44836397399,0.385067663197,0.707437455654,0.70672750473,-0.00669254781678,-0.00486272713169
1624449318837433388,9755,1624449318837916435,iri_wam_link_base,0.00435710577798,-0.45059423605,0.383709742284,0.707595586777,0.706558942795,-0.0063725374639,-0.00650906423107
1624449318889694760,9756,1624449318890191055,iri_wam_link_base,0.00322287433397,-0.450330277668,0.385612445455,0.708209216595,0.705940723419,-0.00810106936842,-0.00466339569539
1624449318937619428,9757,1624449318938077106,iri_wam_link_base,0.00162771896834,-0.44990267053,0.388188888814,0.708658218384,0.70546990633,-0.0105061549693,-0.00230714655481
1624449318989903648,9758,1624449318990316125,iri_wam_link_base,0.000547739734399,-0.449694295754,0.389653037987,0.706498146057,0.707613050938,-0.011953625828,-0.00108532712329
1624449319037724758,9759,1624449319038228625,iri_wam_link_base,0.000422579962771,-0.44950682843,0.389824862834,0.706754982471,0.707363605499,-0.0115487650037,-0.000841737608425
1624449319090038539,9760,1624449319090453849,iri_wam_link_base,0.000542476388541,-0.44946635406,0.389838879066,0.707000613213,0.707121968269,-0.0113038998097,-0.000887114787474
1624449319137833983,9761,1624449319138366524,iri_wam_link_base,0.000520642947976,-0.449457480791,0.389841150306,0.705696642399,0.70842653513,-0.0111151374876,-0.000792533857748
1624449319190207013,9762,1624449319190598139,iri_wam_link_base,0.000653616814004,-0.449470551167,0.389754082037,0.706192553043,0.707943558693,-0.0103575624526,-0.000863870198373
1624449319237980534,9763,1624449319238504823,iri_wam_link_base,0.000622397387171,-0.449499358416,0.389719665467,0.707735776901,0.70639705658,-0.0106095913798,-0.000796857406385
1624449319291290950,9764,1624449319290737031,iri_wam_link_base,0.000693651108024,-0.449450503328,0.389749567764,0.705567955971,0.708565592766,-0.010389810428,-0.000821492110845
1624449319338159255,9765,1624449319338642483,iri_wam_link_base,0.000702862678091,-0.449401297293,0.389809723166,0.708388507366,0.705750465393,-0.0100741153583,-0.000692447356414
1624449319398027759,9766,1624449319396066487,iri_wam_link_base,0.000685694640749,-0.449374228447,0.38979501689,0.704610168934,0.709522545338,-0.010074948892,-0.000868710281793
1624449319439322863,9767,1624449319438778008,iri_wam_link_base,0.000701098467084,-0.4494318743,0.38976330496,0.707204520702,0.706938028336,-0.00998671166599,-0.000807312724646
1624449319498205733,9768,1624449319498616227,iri_wam_link_base,0.000691923758336,-0.449445999672,0.389753161504,0.706686139107,0.707456111908,-0.00999322161078,-0.000776621105615
1624449319539485802,9769,1624449319539999552,iri_wam_link_base,0.000728656971645,-0.449398699508,0.389796467017,0.707768678665,0.706373870373,-0.00994764175266,-0.000756025488954
1624449319599360102,9770,1624449319598742844,iri_wam_link_base,0.00070055365635,-0.449382931509,0.389819734187,0.707370638847,0.706771492958,-0.0100126285106,-0.000741509138606
1624449319639648798,9771,1624449319640135003,iri_wam_link_base,0.000669677546071,-0.449404850641,0.389799557348,0.706300079823,0.707840621471,-0.0100615834817,-0.000790193269495
1624449319699509803,9772,1624449319699947810,iri_wam_link_base,0.000693207991224,-0.449421380609,0.389786585728,0.706985831261,0.707155704498,-0.0100606307387,-0.000737134250812
1624449319739797740,9773,1624449319740271855,iri_wam_link_base,0.000712940014726,-0.449432610348,0.389773601942,0.707551181316,0.706590235233,-0.0100507894531,-0.000738609407563
1624449319799660159,9774,1624449319800095823,iri_wam_link_base,0.000682650436492,-0.449396023708,0.389809711296,0.707338154316,0.706803262234,-0.010064358823,-0.000760617665946
1624449319839945471,9775,1624449319840411770,iri_wam_link_base,0.000702382449198,-0.449407254284,0.38979672858,0.706886589527,0.707255065441,-0.0100534372032,-0.000776557484642
1624449319899767758,9776,1624449319900231733,iri_wam_link_base,0.00070962236608,-0.449421354991,0.389786585728,0.706427812576,0.707713186741,-0.0100600738078,-0.000744702992961
1624449319940055523,9777,1624449319940556542,iri_wam_link_base,0.000699966545429,-0.449441437363,0.389763447141,0.707240045071,0.706901669502,-0.0100488392636,-0.000757841276936
1624449319999931963,9778,1624449320000361425,iri_wam_link_base,0.000704211148248,-0.449431576051,0.389773722252,0.707492053509,0.706648766994,-0.0100954407826,-0.000796101521701
1624449320040202231,9779,1624449320040698029,iri_wam_link_base,0.000705823573022,-0.449416056173,0.389786574196,0.707325160503,0.70681643486,-0.0100523196161,-0.00078476080671
1624449320100046741,9780,1624449320100492629,iri_wam_link_base,0.000688209558415,-0.449404146507,0.389761605994,0.706723213196,0.707418739796,-0.0100191310048,-0.000821076566353
1624449320141444233,9781,1624449320141768544,iri_wam_link_base,0.000692008117917,-0.449409445493,0.389761617105,0.706625163555,0.707516610622,-0.0100277606398,-0.000769651553128
1624449320200226558,9782,1624449320200625813,iri_wam_link_base,0.000699966545429,-0.449441437363,0.389763447141,0.707203686237,0.70693808794,-0.0100488010794,-0.000758357637096
1624449320241549724,9783,1624449320242038369,iri_wam_link_base,0.000689409391699,-0.449416081652,0.389786574196,0.707664787769,0.706476390362,-0.0100526679307,-0.000780296861194
1624449320301255291,9784,1624449320300757834,iri_wam_link_base,0.000701182535266,-0.449395319756,0.389771760087,0.706889212132,0.707252860069,-0.0100209582597,-0.000803919741884
1624449320341645665,9785,1624449320342166946,iri_wam_link_base,0.000691021874886,-0.449400561826,0.389799426099,0.706553399563,0.707588493824,-0.0100085102022,-0.000782319752034
1624449320401421057,9786,1624449320401827248,iri_wam_link_base,0.000701182535266,-0.449395319756,0.389771760087,0.707651853561,0.706489741802,-0.0100218188018,-0.000793108250946
1624449320441866269,9787,1624449320442309356,iri_wam_link_base,0.000676436325211,-0.449424908062,0.38977642002,0.707535207272,0.706606209278,-0.0100509030744,-0.000796948035713
1624449320501671646,9788,1624449320502061457,iri_wam_link_base,0.000689409391699,-0.449416081652,0.389786574196,0.706829488277,0.707312047482,-0.0100517375395,-0.000792173901573
1624449320541974841,9789,1624449320542442901,iri_wam_link_base,0.000669677546071,-0.449404850641,0.389799557348,0.706481873989,0.707659184933,-0.0100617874414,-0.00078760884935
1624449320601779888,9790,1624449320602252301,iri_wam_link_base,0.000702862678091,-0.449401297293,0.389809723166,0.706863999367,0.707277357578,-0.0100725973025,-0.000714182213414
1624449320642117413,9791,1624449320642577499,iri_wam_link_base,0.000694339915349,-0.449411817553,0.389786443074,0.70764029026,0.706501662731,-0.00999924913049,-0.000776824366767
1624449320701894927,9792,1624449320702384676,iri_wam_link_base,0.000689409391699,-0.449416081652,0.389786574196,0.706974864006,0.707166790962,-0.0100519005209,-0.00079010828631
1624449320742288295,9793,1624449320742713107,iri_wam_link_base,0.000689409391699,-0.449416081652,0.389786574196,0.706284284592,0.707856535912,-0.0100511247292,-0.000799919245765
1624449320802009602,9794,1624449320802512570,iri_wam_link_base,0.000669677546071,-0.449404850641,0.389799557348,0.707244873047,0.706896603107,-0.0100626302883,-0.000776753353421
1624449320843475639,9795,1624449320842858262,iri_wam_link_base,0.000717595958287,-0.449395293847,0.389771760087,0.707651853561,0.706489741802,-0.0100218188018,-0.000793108250946
1624449320905881064,9796,1624449320905158836,iri_wam_link_base,0.000684479170892,-0.44942034592,0.389786706014,0.706454217434,0.707686126232,-0.0101046999916,-0.000801413378213
1624449320943643310,9797,1624449320944076580,iri_wam_link_base,0.000684479170892,-0.44942034592,0.389786706014,0.706417918205,0.707722365856,-0.0101046590135,-0.000801932241302
1624449321005984234,9798,1624449321006471640,iri_wam_link_base,0.000705823573022,-0.449416056173,0.389786574196,0.707470417023,0.706671059132,-0.0100524807349,-0.000782695191447
1624449321043803480,9799,1624449321044226186,iri_wam_link_base,0.000689409391699,-0.449416081652,0.389786574196,0.707737326622,0.7064037323,-0.0100527480245,-0.000779263849836
1624449321106146433,9800,1624449321106605226,iri_wam_link_base,0.000702382449198,-0.449407254284,0.38979672858,0.706632137299,0.707509219646,-0.0100531559438,-0.000780172878876
1624449321144059626,9801,1624449321144364887,iri_wam_link_base,0.000689409391699,-0.449416081652,0.389786574196,0.706429719925,0.707711398602,-0.0100512877107,-0.000797854037955
1624449321206310862,9802,1624449321206739016,iri_wam_link_base,0.000689409391699,-0.449416081652,0.389786574196,0.707265436649,0.706876218319,-0.0100522246212,-0.000785977288615
1624449321244062430,9803,1624449321244514159,iri_wam_link_base,0.000706181284443,-0.449412553072,0.3897967403,0.707623839378,0.706517338753,-0.0100629096851,-0.000713245244697
1624449321307487186,9804,1624449321306884423,iri_wam_link_base,0.000689409391699,-0.449416081652,0.389786574196,0.706720590591,0.707420945168,-0.0100516173989,-0.000793722982053
1624449321344222536,9805,1624449321344652945,iri_wam_link_base,0.000669677546071,-0.449404850641,0.389799557348,0.706481873989,0.707659184933,-0.0100617874414,-0.00078760884935
1624449321407590132,9806,1624449321408076172,iri_wam_link_base,0.000693207991224,-0.449421380609,0.389786585728,0.707530558109,0.706610739231,-0.0100611960515,-0.00072938168887
1624449321444414799,9807,1624449321444781359,iri_wam_link_base,0.000694339915349,-0.449411817553,0.389786443074,0.707422494888,0.706719756126,-0.00999900978059,-0.000779906171374
1624449321507739717,9808,1624449321508226413,iri_wam_link_base,0.000689409391699,-0.449416081652,0.389786574196,0.706466078758,0.707675099373,-0.0100513296202,-0.000797337619588
1624449321547838036,9809,1624449321545923358,iri_wam_link_base,0.000705823573022,-0.449416056173,0.389786574196,0.70645314455,0.707687973976,-0.01005134359,-0.000797154323664
