%time,field.header.seq,field.header.stamp,field.header.frame_id,field.pose.position.x,field.pose.position.y,field.pose.position.z,field.pose.orientation.x,field.pose.orientation.y,field.pose.orientation.z,field.pose.orientation.w
1624449093005111270,5254,1624449093005544089,iri_wam_link_base,0.00117795278276,-0.396903845337,0.342932775686,0.706772446632,0.70737361908,-0.00833927467465,0.0050689522177
1624449093065134135,5255,1624449093065601755,iri_wam_link_base,0.00116225098136,-0.396894579037,0.342943553606,0.706751942635,0.707393884659,-0.00835154298693,0.00507565541193
1624449093105204707,5256,1624449093105674319,iri_wam_link_base,0.00118576086021,-0.396903791267,0.342932739107,0.706804871559,0.707341432571,-0.00829341355711,0.00511436816305
1624449093165275336,5257,1624449093165739955,iri_wam_link_base,0.00116612147055,-0.396889737634,0.342943444065,0.706804931164,0.70734167099,-0.00830058101565,0.00507065607235
1624449093205342645,5258,1624449093205803390,iri_wam_link_base,0.00117795278276,-0.396903845337,0.342932775686,0.706772446632,0.70737361908,-0.00833927467465,0.0050689522177
1624449093266441828,5259,1624449093265895245,iri_wam_link_base,0.00114661855045,-0.396903933512,0.342932779834,0.706804394722,0.707341730595,-0.00834415573627,0.00506395567209
1624449093306530298,5260,1624449093305937785,iri_wam_link_base,0.00117795278276,-0.396903845337,0.342932775686,0.706772446632,0.70737361908,-0.00833927467465,0.0050689522177
1624449093366645170,5261,1624449093367031217,iri_wam_link_base,0.00115162572615,-0.39688977996,0.342943444065,0.706817805767,0.707328796387,-0.00830067321658,0.00507050426677
1624449093406716462,5262,1624449093407149184,iri_wam_link_base,0.00115055592463,-0.396908721194,0.342932852716,0.706820189953,0.707325518131,-0.00834899768233,0.00511480029672
1624449093466869165,5263,1624449093467221816,iri_wam_link_base,0.0011661908419,-0.396908358819,0.342921892279,0.706804990768,0.707341909409,-0.00828144792467,0.00505139445886
1624449093506812975,5264,1624449093507296438,iri_wam_link_base,0.00116612147055,-0.396889737634,0.342943444065,0.706804931164,0.70734167099,-0.00830058101565,0.00507065607235
1624449093566974021,5265,1624449093567393708,iri_wam_link_base,0.00116232035273,-0.396913200227,0.342922001558,0.706788480282,0.707357823849,-0.00833214819431,0.00505682360381
1624449093606981477,5266,1624449093607428486,iri_wam_link_base,0.00116232035273,-0.396913200227,0.342922001558,0.706752121449,0.707394123077,-0.00833240803331,0.00505639519542
1624449093667229533,5267,1624449093667534794,iri_wam_link_base,0.0011661908419,-0.396908358819,0.342921892279,0.706804990768,0.707341909409,-0.00828144792467,0.00505139445886
1624449093707107246,5268,1624449093707568912,iri_wam_link_base,0.00116618857116,-0.396899366539,0.342943626644,0.706804215908,0.707341253757,-0.00835612323135,0.0051269303076
1624449093767262141,5269,1624449093767683977,iri_wam_link_base,0.00113599317138,-0.396899134036,0.342932670399,0.706833779812,0.707312941551,-0.00829354580492,0.0050583765842
1624449093807273310,5270,1624449093807715590,iri_wam_link_base,0.00116345652309,-0.396903888096,0.342932775686,0.70678538084,0.707360684872,-0.00833936873823,0.00506879994646
1624449093867342385,5271,1624449093867832789,iri_wam_link_base,0.00117795278276,-0.396903845337,0.342932775686,0.706772446632,0.70737361908,-0.00833927467465,0.0050689522177
1624449093908557359,5272,1624449093907878470,iri_wam_link_base,0.00116612147055,-0.396889737634,0.342943444065,0.706768512726,0.707377970219,-0.00830084178597,0.00507022952661
1624449093968812682,5273,1624449093967981237,iri_wam_link_base,0.00117789150343,-0.396887236018,0.342909484512,0.706736385822,0.707410275936,-0.00830950401723,0.00503829913214
1624449094008724230,5274,1624449094009086089,iri_wam_link_base,0.00116225098136,-0.396894579037,0.342943553606,0.706788301468,0.70735758543,-0.00835128221661,0.00507608428597
1624449094068977809,5275,1624449094069397918,iri_wam_link_base,0.00117795278276,-0.396903845337,0.342932775686,0.706772446632,0.70737361908,-0.00833927467465,0.0050689522177
1624449094108812075,5276,1624449094109286501,iri_wam_link_base,0.00116339585039,-0.396887278774,0.342909484512,0.706785619259,0.7073610425,-0.00830933637917,0.00503857433796
1624449094169050284,5277,1624449094169533049,iri_wam_link_base,0.00116339585039,-0.396887278774,0.342909484512,0.706785619259,0.7073610425,-0.00830933637917,0.00503857433796
1624449094208967799,5278,1624449094209420280,iri_wam_link_base,0.0011621903014,-0.396877970348,0.342920261982,0.706788539886,0.707357943058,-0.00832125078887,0.00504585867748
1624449094269209473,5279,1624449094269670939,iri_wam_link_base,0.00114655846513,-0.396887324188,0.34290948866,0.706804573536,0.707342088223,-0.0083141233772,0.00503373006359
1624449094309098248,5280,1624449094309560544,iri_wam_link_base,0.00116225098136,-0.396894579037,0.342943553606,0.706788301468,0.70735758543,-0.00835128221661,0.00507608428597
1624449094369393319,5281,1624449094369809874,iri_wam_link_base,0.00116612789121,-0.396882757856,0.34292033461,0.706768095493,0.707377970219,-0.00832635350525,0.00509627535939
1624449094409230400,5282,1624449094409711592,iri_wam_link_base,0.00117795278276,-0.396903845337,0.342932775686,0.706772446632,0.70737361908,-0.00833927467465,0.0050689522177
1624449094469490180,5283,1624449094469961082,iri_wam_link_base,0.00115055592463,-0.396908721194,0.342932852716,0.706820189953,0.707325518131,-0.00834899768233,0.00511480029672
1624449094509402839,5284,1624449094509856927,iri_wam_link_base,0.00116232035273,-0.396913200227,0.342922001558,0.706788480282,0.707357823849,-0.00833214819431,0.00505682360381
1624449094570740525,5285,1624449094571103022,iri_wam_link_base,0.00116232035273,-0.396913200227,0.342922001558,0.706788480282,0.707357823849,-0.00833214819431,0.00505682360381
1624449094611001257,5286,1624449094610009385,iri_wam_link_base,0.00116225098136,-0.396894579037,0.342943553606,0.706788301468,0.70735758543,-0.00835128221661,0.00507608428597
1624449094671028693,5287,1624449094671311363,iri_wam_link_base,0.00114661855045,-0.396903933512,0.342932779834,0.706804394722,0.707341730595,-0.00834415573627,0.00506395567209
1624449094711010385,5288,1624449094711400774,iri_wam_link_base,0.00116225966805,-0.396896590274,0.342898710835,0.706788659096,0.707358181477,-0.00830211676657,0.00502659752965
1624449094771090865,5289,1624449094771523112,iri_wam_link_base,0.00118189058818,-0.396908632664,0.342932848619,0.706788301468,0.707357347012,-0.00834411475807,0.00511979777366
1624449094811125967,5290,1624449094811542626,iri_wam_link_base,0.00115055592463,-0.396908721194,0.342932852716,0.706820189953,0.707325518131,-0.00834899768233,0.00511480029672
1624449094871205855,5291,1624449094871670090,iri_wam_link_base,0.00117789150343,-0.396887236018,0.342909484512,0.706772744656,0.707373917103,-0.00830924510956,0.0050387266092
1624449094911223081,5292,1624449094911675663,iri_wam_link_base,0.00116612147055,-0.396889737634,0.342943444065,0.706804931164,0.70734167099,-0.00830058101565,0.00507065607235
1624449094971362113,5293,1624449094971813063,iri_wam_link_base,0.00116232035273,-0.396913200227,0.342922001558,0.706788480282,0.707357823849,-0.00833214819431,0.00505682360381
1624449095011394149,5294,1624449095011811731,iri_wam_link_base,0.00116225098136,-0.396894579037,0.342943553606,0.706788301468,0.70735758543,-0.00835128221661,0.00507608428597
1624449095071583032,5295,1624449095071955153,iri_wam_link_base,0.00115048925744,-0.396899092281,0.342932670399,0.706820845604,0.707325875759,-0.00829345453531,0.00505852792412
1624449095111468809,5296,1624449095111947450,iri_wam_link_base,0.00116345652309,-0.396903888096,0.342932775686,0.70678538084,0.707360684872,-0.00833936873823,0.00506879994646
1624449095172730260,5297,1624449095172095359,iri_wam_link_base,0.00117795278276,-0.396903845337,0.342932775686,0.706788480282,0.707357823849,-0.00833214819431,0.00505682360381
1624449095213128159,5298,1624449095212418173,iri_wam_link_base,0.00117795278276,-0.396903845337,0.342932775686,0.706736147404,0.707409918308,-0.0083395363763,0.00506852474064
1624449095272863161,5299,1624449095273305839,iri_wam_link_base,0.00118189058818,-0.396908632664,0.342932848619,0.706788301468,0.707357347012,-0.00834411475807,0.00511979777366
1624449095313293039,5300,1624449095313725299,iri_wam_link_base,0.0011661908419,-0.396908358819,0.342921892279,0.706804990768,0.707341909409,-0.00828144792467,0.00505139445886
1624449095372995606,5301,1624449095373452248,iri_wam_link_base,0.00117795278276,-0.396903845337,0.342932775686,0.70669978857,0.707446217537,-0.00833979528397,0.00506809586659
1624449095413418194,5302,1624449095413867823,iri_wam_link_base,0.00115187265236,-0.396949223011,0.343013511237,0.706816494465,0.707327306271,-0.00844630971551,0.00521745625883
1624449095473101131,5303,1624449095473591643,iri_wam_link_base,0.0011631761478,-0.397138577643,0.343225103183,0.706784904003,0.707352638245,-0.00877809431404,0.0055060358718
1624449095513542115,5304,1624449095514002155,iri_wam_link_base,0.00116541294887,-0.397750792674,0.344088562714,0.706775426865,0.707337856293,-0.00988923106343,0.00662438664585
1624449095573259072,5305,1624449095573729896,iri_wam_link_base,0.00117477732208,-0.40033131515,0.347820213625,0.706716835499,0.707256317139,-0.0145527319983,0.0113175148144
1624449095614734832,5306,1624449095614135889,iri_wam_link_base,0.00118790052723,-0.402875303902,0.351564098862,0.70663189888,0.70714956522,-0.0190054289997,0.015798619017
1624449095673365050,5307,1624449095673863442,iri_wam_link_base,0.00139895083784,-0.405179050151,0.355837115446,0.707190573215,0.706458926201,-0.0203412305564,0.0195848569274
1624449095715014965,5308,1624449095715343284,iri_wam_link_base,0.00151261019545,-0.406116421133,0.357974729285,0.70719563961,0.706470131874,-0.0194140300155,0.0199353471398
1624449095773496506,5309,1624449095773996917,iri_wam_link_base,0.00125983270715,-0.407497739772,0.360472421574,0.706501126289,0.707093775272,-0.022124549374,0.0196218155324
1624449095815098110,5310,1624449095815498897,iri_wam_link_base,0.00129541990473,-0.408592117883,0.362193312074,0.706573843956,0.706915795803,-0.0236547738314,0.0215377975255
1624449095874732870,5311,1624449095874141372,iri_wam_link_base,0.00145548822657,-0.4107727968,0.36570892396,0.706803262234,0.706591844559,-0.0243966151029,0.0237061195076
1624449095915211358,5312,1624449095915636964,iri_wam_link_base,0.0015528263388,-0.412486835722,0.368742298068,0.706936299801,0.706553518772,-0.0226149316877,0.0226216521114
1624449095974878009,5313,1624449095975344753,iri_wam_link_base,0.00156164192267,-0.415670987259,0.371869842646,0.706885874271,0.706535637379,-0.0237669479102,0.0235564317554
1624449096015373273,5314,1624449096015766322,iri_wam_link_base,0.00161311768291,-0.417784912922,0.372849192385,0.706861376762,0.706553936005,-0.0238759648055,0.0236324612051
1624449096075011299,5315,1624449096075488669,iri_wam_link_base,0.00150196649981,-0.421000015904,0.373645651524,0.706365585327,0.707102537155,-0.0241419114172,0.0216980781406
1624449096115518882,5316,1624449096115898837,iri_wam_link_base,0.00153168645518,-0.423529853388,0.374616494509,0.706307947636,0.707108020782,-0.0249926932156,0.0224207323045
1624449096175151712,5317,1624449096175616506,iri_wam_link_base,0.00187723734377,-0.427098185046,0.376976454348,0.706804215908,0.706647694111,-0.0230966936797,0.0233126375824
1624449096215592249,5318,1624449096216034499,iri_wam_link_base,0.00186917226226,-0.429513364168,0.379463886314,0.706695795059,0.706840217113,-0.0221615228802,0.021605335176
1624449096275253018,5319,1624449096275753872,iri_wam_link_base,0.00179395549213,-0.433124174623,0.383608651179,0.706441879272,0.707091987133,-0.0228844620287,0.0209068302065
1624449096320664079,5320,1624449096318919311,iri_wam_link_base,0.00170920356991,-0.43535893961,0.386065258477,0.706140875816,0.707318603992,-0.0246521681547,0.0213945750147
1624449096375419530,5321,1624449096375883096,iri_wam_link_base,0.00186747429527,-0.437135996683,0.387951952073,0.706460773945,0.707000553608,-0.0237861368805,0.0223071742803
1624449096420887685,5322,1624449096421222079,iri_wam_link_base,0.00187224592417,-0.438530106591,0.388991525219,0.706719517708,0.706729352474,-0.0233403276652,0.0231600850821
1624449096475533099,5323,1624449096476016934,iri_wam_link_base,0.00128843738317,-0.441017916928,0.389509345135,0.706846833229,0.706550419331,-0.0247780960053,0.0232409089804
1624449096521041529,5324,1624449096521457548,iri_wam_link_base,6.70396780759e-06,-0.443889965724,0.389030336973,0.707477986813,0.705915987492,-0.0253727473319,0.0226679239422
1624449096576633336,5325,1624449096576147253,iri_wam_link_base,-0.00223556659068,-0.448811932951,0.388486626984,0.708227276802,0.705117166042,-0.0268372520804,0.0224420502782
1624449096621164047,5326,1624449096621591985,iri_wam_link_base,-0.00495887804628,-0.454348953872,0.388217657976,0.708872973919,0.704412162304,-0.028806431219,0.0217443723232
1624449096676826455,5327,1624449096677235818,iri_wam_link_base,-0.00814037526593,-0.462134201468,0.388190310959,0.709478259087,0.703699529171,-0.0319886878133,0.0205966345966
1624449096721286034,5328,1624449096721729339,iri_wam_link_base,-0.0105448967091,-0.468339058168,0.387827911305,0.709372282028,0.703796863556,-0.0333448983729,0.0186819490045
1624449096776977905,5329,1624449096777461055,iri_wam_link_base,-0.0128202460489,-0.475578355305,0.387224474975,0.708855628967,0.704373419285,-0.0329603292048,0.0171891637146
1624449096821455570,5330,1624449096821867152,iri_wam_link_base,-0.0145338536536,-0.480439954036,0.386966803556,0.708583176136,0.704809546471,-0.0292447376996,0.0172657668591
1624449096877121978,5331,1624449096877592106,iri_wam_link_base,-0.0175856883463,-0.486600286885,0.387210133689,0.708837985992,0.704416334629,-0.0324251577258,0.017175078392
1624449096921621250,5332,1624449096922006768,iri_wam_link_base,-0.0199895240181,-0.490733838736,0.387650381531,0.709066689014,0.70419895649,-0.0324932448566,0.0165059305727
1624449096977234283,5333,1624449096977725210,iri_wam_link_base,-0.023248499423,-0.495129892114,0.388430311657,0.709318995476,0.703960895538,-0.0319236516953,0.0169266760349
1624449097021699050,5334,1624449097022139926,iri_wam_link_base,-0.025738696992,-0.498346656018,0.388771049848,0.70891815424,0.704258978367,-0.0339777991176,0.0173146389425
1624449097077349303,5335,1624449097077855233,iri_wam_link_base,-0.0279284674212,-0.502660662346,0.38894855581,0.70890969038,0.704143881798,-0.0361162573099,0.0180033165962
1624449097122984260,5336,1624449097123266378,iri_wam_link_base,-0.0294746151489,-0.506310332807,0.3888276567,0.709167182446,0.703948140144,-0.0347423031926,0.018217638135
1624449097177513459,5337,1624449097177984834,iri_wam_link_base,-0.031771514951,-0.511158259118,0.388635566875,0.708959460258,0.704096376896,-0.0357535257936,0.0186131820083
1624449097223069387,5338,1624449097223564775,iri_wam_link_base,-0.033879028832,-0.515653148105,0.388551049702,0.708624601364,0.704354584217,-0.0373136363924,0.0185337476432
1624449097277662196,5339,1624449097278122332,iri_wam_link_base,-0.0365008655465,-0.521279603211,0.388572175531,0.708841502666,0.704118907452,-0.0379940457642,0.0177972707897
1624449097323245426,5340,1624449097323701449,iri_wam_link_base,-0.0388089697644,-0.526178951436,0.388427387997,0.708428382874,0.70459485054,-0.036685846746,0.0181510243565
1624449097378851066,5341,1624449097378255207,iri_wam_link_base,-0.0418885684098,-0.532042798107,0.387904794571,0.708694636822,0.704326689243,-0.0367384850979,0.0180584806949
1624449097423490443,5342,1624449097423829475,iri_wam_link_base,-0.0445869788569,-0.537012601895,0.387407622447,0.708256542683,0.704826056957,-0.0353802591562,0.018470082432
1624449097478991322,5343,1624449097479448131,iri_wam_link_base,-0.0480859198797,-0.543007975612,0.386855082486,0.70882588625,0.704312682152,-0.0340266562998,0.0187515895814
1624449097523534773,5344,1624449097523959134,iri_wam_link_base,-0.0508396165409,-0.547694920674,0.386544407789,0.708736300468,0.704336881638,-0.0353450663388,0.0187909957021
1624449097585413235,5345,1624449097583424819,iri_wam_link_base,-0.0540261293987,-0.55340727923,0.385886506405,0.708880722523,0.704204499722,-0.0349454693496,0.019050270319
1624449097623619009,5346,1624449097624086557,iri_wam_link_base,-0.0554339444854,-0.556693464856,0.385589744963,0.708719909191,0.70424669981,-0.0372403226793,0.0191274825484
1624449097685444686,5347,1624449097685921367,iri_wam_link_base,-0.0579604156126,-0.561337215,0.385101225928,0.707929313183,0.704970121384,-0.0385529398918,0.0191522259265
1624449097723796279,5348,1624449097724214842,iri_wam_link_base,-0.0590804742634,-0.563849891871,0.38518573785,0.707987189293,0.704959750175,-0.0371797159314,0.0200897566974
1624449097785582072,5349,1624449097786048763,iri_wam_link_base,-0.0615014610253,-0.568546107774,0.385464979209,0.708039879799,0.704642474651,-0.0416351780295,0.0206182040274
1624449097825047066,5350,1624449097825331211,iri_wam_link_base,-0.0631130722798,-0.571763368734,0.385555176864,0.707976996899,0.704564988613,-0.0437776483595,0.0209823157638
1624449097885813627,5351,1624449097886193521,iri_wam_link_base,-0.0657611874303,-0.576873266524,0.38534529932,0.708300828934,0.704052984715,-0.0465639643371,0.021239368245
1624449097925571627,5352,1624449097925618924,iri_wam_link_base,-0.0674367940241,-0.580213626464,0.385245507473,0.708723902702,0.703736543655,-0.0445107482374,0.0220026001334
1624449097986912121,5353,1624449097986332085,iri_wam_link_base,-0.0699254777777,-0.586158746684,0.385221809871,0.707677066326,0.704806268215,-0.044171076268,0.022140275687
1624449098025308244,5354,1624449098025755626,iri_wam_link_base,-0.0719680237991,-0.590189081674,0.385499014161,0.707784950733,0.704542517662,-0.047458332032,0.0201998632401
1624449098087079651,5355,1624449098087571209,iri_wam_link_base,-0.0744972193991,-0.596718527278,0.385522537221,0.708236992359,0.70410913229,-0.047677654773,0.0189096555114
1624449098125436854,5356,1624449098125893348,iri_wam_link_base,-0.0762514617032,-0.600766380566,0.385431194996,0.708623945713,0.703790426254,-0.0462258122861,0.0198586974293
1624449098187346850,5357,1624449098187716199,iri_wam_link_base,-0.0797031912537,-0.607760837857,0.385253562127,0.708034276962,0.704449594021,-0.0449005924165,0.0205459408462
1624449098225711959,5358,1624449098226042983,iri_wam_link_base,-0.0825004728474,-0.612142062527,0.385130339495,0.708292126656,0.704149901867,-0.0457018204033,0.0201641768217
1624449098287484364,5359,1624449098287959087,iri_wam_link_base,-0.0864070175954,-0.618928600542,0.385138565943,0.708281636238,0.704315185547,-0.0428671464324,0.0209679864347
1624449098325761069,5360,1624449098326248754,iri_wam_link_base,-0.0884037081399,-0.622826379498,0.385082881973,0.708041071892,0.704646468163,-0.0417729988694,0.0201549027115
1624449098387609611,5361,1624449098388088838,iri_wam_link_base,-0.0906853081556,-0.628616956967,0.384774496095,0.70780646801,0.704821169376,-0.043347928673,0.0189235694706
1624449098426992962,5362,1624449098427397433,iri_wam_link_base,-0.091110610551,-0.63183088772,0.383870455933,0.707726597786,0.704849541187,-0.0444741174579,0.0182292386889
1624449098487740664,5363,1624449098488223066,iri_wam_link_base,-0.0908772960122,-0.634901462846,0.380609189825,0.707825183868,0.705063521862,-0.0393776446581,0.0178429037333
1624449098527128493,5364,1624449098527554742,iri_wam_link_base,-0.0908625987607,-0.636437385261,0.378072746718,0.707768619061,0.705222666264,-0.0381059162319,0.0165081545711
1624449098588989796,5365,1624449098588357790,iri_wam_link_base,-0.0909732808531,-0.638313197633,0.375002734075,0.707839310169,0.705266356468,-0.0366401858628,0.0148458201438
1624449098627279702,5366,1624449098627705197,iri_wam_link_base,-0.0909840192949,-0.63927065133,0.373465379072,0.707864940166,0.705294549465,-0.0358789861202,0.0141252381727
1624449098689153486,5367,1624449098689594480,iri_wam_link_base,-0.0909513878893,-0.640791264023,0.371310538894,0.707773566246,0.705447375774,-0.03507989645,0.0130365006626
1624449098727391381,5368,1624449098727837683,iri_wam_link_base,-0.0907987020391,-0.641922533355,0.369847120348,0.707749664783,0.705507338047,-0.0345283411443,0.0125538893044
1624449098789237718,5369,1624449098789723485,iri_wam_link_base,-0.0907029675117,-0.643977730027,0.366989251962,0.707696557045,0.70562595129,-0.0335215963423,0.011572455056
1624449098827469159,5370,1624449098827967274,iri_wam_link_base,-0.0905891985401,-0.645527738046,0.365011427948,0.707631647587,0.705731213093,-0.0329123921692,0.0108482735232
1624449098889404168,5371,1624449098889856553,iri_wam_link_base,-0.0905168192499,-0.648427101227,0.361554651749,0.707623422146,0.705771267414,-0.0323780328035,0.0103750089183
1624449098927646708,5372,1624449098928102302,iri_wam_link_base,-0.0902416201196,-0.650613610885,0.359537324456,0.707508385181,0.705885529518,-0.0324445702136,0.0102392677218
1624449098989528273,5373,1624449098989992025,iri_wam_link_base,-0.0899474819458,-0.65453733724,0.356647558757,0.707351446152,0.706006109715,-0.0334214344621,0.00960932578892
1624449099027750979,5374,1624449099028239514,iri_wam_link_base,-0.0897290999929,-0.656997346828,0.354894579552,0.707100093365,0.706227779388,-0.0341449603438,0.00927065033466
1624449099089688906,5375,1624449099090131719,iri_wam_link_base,-0.0895211262728,-0.660473753157,0.351547751344,0.706932663918,0.706406056881,-0.0342382080853,0.00802815519273
1624449099129091619,5376,1624449099128379375,iri_wam_link_base,-0.0895511854344,-0.662311712909,0.349038172695,0.707010567188,0.706369519234,-0.0335978642106,0.0070253345184
1624449099189758376,5377,1624449099190268633,iri_wam_link_base,-0.0896658023959,-0.665125605518,0.345764350884,0.707194566727,0.706169784069,-0.0337718725204,0.00771590927616
1624449099229252149,5378,1624449099229641200,iri_wam_link_base,-0.0898230774857,-0.666703540388,0.343642893193,0.707400918007,0.705958843231,-0.0337381511927,0.00823068618774
1624449099291004995,5379,1624449099290402869,iri_wam_link_base,-0.0902520124872,-0.668669011209,0.340561754535,0.70761680603,0.705769121647,-0.0332611352205,0.0078856498003
1624449099329291410,5380,1624449099329775592,iri_wam_link_base,-0.0906205300884,-0.669867878815,0.338865817688,0.70773345232,0.705635905266,-0.0334797911346,0.00839580688626
1624449099391277818,5381,1624449099391622237,iri_wam_link_base,-0.0905919310093,-0.672399333373,0.336327972393,0.707807183266,0.705526292324,-0.0340276397765,0.00915357470512
1624449099429417104,5382,1624449099429909488,iri_wam_link_base,-0.0905357217898,-0.674230225549,0.335339294308,0.70758664608,0.705694556236,-0.0351561382413,0.00896607432514
1624449099491311992,5383,1624449099491773120,iri_wam_link_base,-0.089555181771,-0.676176318118,0.334626479726,0.707198679447,0.706069290638,-0.0351782478392,0.00993938278407
1624449099529607693,5384,1624449099530040487,iri_wam_link_base,-0.0891178965175,-0.676156127054,0.334667941565,0.707287549973,0.70607483387,-0.0329824611545,0.0107133872807
1624449099591476206,5385,1624449099591903448,iri_wam_link_base,-0.0882976272107,-0.675617233559,0.335224030113,0.707721531391,0.705860137939,-0.0269275307655,0.0129052186385
1624449099629731824,5386,1624449099630174257,iri_wam_link_base,-0.0881593634199,-0.675578862273,0.335368307305,0.7076420784,0.705942928791,-0.0267644245178,0.0130754373968
1624449099691555979,5387,1624449099692046200,iri_wam_link_base,-0.0871848482047,-0.675156496969,0.335836437725,0.707721412182,0.705968916416,-0.023022480309,0.0144317401573
1624449099729872211,5388,1624449099730323108,iri_wam_link_base,-0.0860976430235,-0.674672822543,0.336353649175,0.707663595676,0.706122159958,-0.0185071788728,0.0161629784852
1624449099791726851,5389,1624449099792184745,iri_wam_link_base,-0.0843404751607,-0.674194890213,0.336999253309,0.706951081753,0.706912636757,-0.0153791746125,0.0160669498146
1624449099831032420,5390,1624449099830457747,iri_wam_link_base,-0.0831185865199,-0.673855241744,0.337147862545,0.707011759281,0.70692551136,-0.0116297863424,0.015983229503
1624449099891868729,5391,1624449099892317760,iri_wam_link_base,-0.0810660329746,-0.673656201965,0.337641028287,0.706753730774,0.707214772701,-0.00992109347135,0.0157495811582
1624449099931167400,5392,1624449099931643032,iri_wam_link_base,-0.0793475349879,-0.673237941779,0.338471337651,0.706349849701,0.707636237144,-0.00891992636025,0.0155304381624
1624449099993049605,5393,1624449099992447940,iri_wam_link_base,-0.0767475945776,-0.672132474107,0.340239525034,0.705222070217,0.708819806576,-0.00660748453811,0.0138812363148
1624449100031342060,5394,1624449100031795914,iri_wam_link_base,-0.0748345656341,-0.671342298924,0.341564044727,0.705554306507,0.708521127701,-0.00554534094408,0.0126575967297
1624449100093209455,5395,1624449100093646515,iri_wam_link_base,-0.0723429751367,-0.670161873187,0.34350446079,0.705744087696,0.708350837231,-0.00416546547785,0.0121256988496
1624449100131467242,5396,1624449100131935777,iri_wam_link_base,-0.0708565139791,-0.669100117975,0.34477088828,0.705673396587,0.708469748497,-0.0026450031437,0.00941331498325
1624449100193504712,5397,1624449100193801196,iri_wam_link_base,-0.068053653395,-0.667747667502,0.347066155047,0.705201983452,0.708926796913,-0.00132566539105,0.0105461338535
1624449100231569700,5398,1624449100232069388,iri_wam_link_base,-0.0665152932092,-0.666611354317,0.348193463681,0.705491960049,0.708654999733,0.000510916463099,0.0094292871654
1624449100293473343,5399,1624449100293933121,iri_wam_link_base,-0.063790900307,-0.664259398846,0.34822863988,0.705431520939,0.708714902401,0.00519154174253,0.00791384838521
1624449100331718746,5400,1624449100332203435,iri_wam_link_base,-0.0619324151981,-0.662651336672,0.347419678593,0.704917132854,0.709189414978,0.00904200971127,0.00777633767575
1624449100393606370,5401,1624449100394067263,iri_wam_link_base,-0.0585173437136,-0.659931507133,0.346506683857,0.705143392086,0.708869636059,0.014711308293,0.00775863416493
1624449100431917394,5402,1624449100432337252,iri_wam_link_base,-0.0557452770639,-0.658311475766,0.346468503839,0.705659866333,0.708285272121,0.0176675450057,0.0079955086112
1624449100493740556,5403,1624449100494218118,iri_wam_link_base,-0.0501636946426,-0.65491613775,0.345198142239,0.704959690571,0.708794116974,0.024362033233,0.00701273977757
1624449100533060005,5404,1624449100532471337,iri_wam_link_base,-0.046163395466,-0.652460755201,0.343363071756,0.705057501793,0.708554029465,0.0285842306912,0.00530122034252
1624449100593857763,5405,1624449100594351980,iri_wam_link_base,-0.0395807820714,-0.648507205745,0.339364687982,0.705054044724,0.708553910255,0.029156556353,4.98183508171e-05
1624449100633215515,5406,1624449100633699257,iri_wam_link_base,-0.034609484886,-0.645224670349,0.336433347379,0.704901337624,0.708600997925,0.0313919484615,-0.00363510730676
1624449100695232241,5407,1624449100694481716,iri_wam_link_base,-0.0271670148875,-0.639511357106,0.332148617705,0.705266416073,0.708164989948,0.0318753570318,-0.00925262272358
1624449100733382849,5408,1624449100733851733,iri_wam_link_base,-0.0227216184927,-0.635403963045,0.33012168631,0.704890072346,0.708531677723,0.0310336966068,-0.0122352167964
1624449100795315143,5409,1624449100795714156,iri_wam_link_base,-0.016089807873,-0.628938861872,0.327893224793,0.704919457436,0.708525359631,0.0292613133788,-0.0149703649804
1624449100833526973,5410,1624449100833990853,iri_wam_link_base,-0.0121977969415,-0.624601880142,0.326471376897,0.704443335533,0.708927750587,0.0306130740792,-0.0156166683882
1624449100895369702,5411,1624449100895867183,iri_wam_link_base,-0.00542632743241,-0.617064385288,0.323321656908,0.704590141773,0.708887755871,0.0285009779036,-0.0147842494771
1624449100933598631,5412,1624449100934120874,iri_wam_link_base,-0.000850154668695,-0.611845939696,0.320887287882,0.7051820755,0.708371698856,0.0266336333007,-0.0147802243009
1624449100995530885,5413,1624449100995994013,iri_wam_link_base,0.00723545004196,-0.603192712477,0.317447637518,0.705021321774,0.708671569824,0.0238528139889,-0.0126683199778
1624449101033752496,5414,1624449101034257854,iri_wam_link_base,0.0119542974815,-0.598036839202,0.315688399483,0.704570353031,0.709186732769,0.0221342351288,-0.0120367053896
1624449101095788662,5415,1624449101096143103,iri_wam_link_base,0.0181939401615,-0.59025159693,0.312778414128,0.705079853535,0.708737611771,0.0186259355396,-0.0143694654107
1624449101133923055,5416,1624449101134409212,iri_wam_link_base,0.0216266574123,-0.586091715574,0.31090690081,0.704207956791,0.70963460207,0.0185566730797,-0.012863936834
1624449101195956788,5417,1624449101196333363,iri_wam_link_base,0.0264627492177,-0.580172240356,0.307342642218,0.705353736877,0.708485066891,0.0203317012638,-0.010563723743
1624449101235284000,5418,1624449101234546384,iri_wam_link_base,0.0289965253403,-0.576552310504,0.304626989856,0.704905331135,0.708857178688,0.0226673875004,-0.0107780555263
1624449101295972875,5419,1624449101296466345,iri_wam_link_base,0.0324984619985,-0.571677447053,0.300590213872,0.704645991325,0.7090523839,0.0252297706902,-0.00906385667622
1624449101335389879,5420,1624449101335865078,iri_wam_link_base,0.0351133283769,-0.568105205199,0.298177342533,0.704262137413,0.709403038025,0.0261747017503,-0.00877619441599
1624449101397173450,5421,1624449101397542130,iri_wam_link_base,0.0405984767862,-0.561407634628,0.294779752774,0.704530775547,0.70907920599,0.0278227105737,-0.00830354914069
1624449101435484493,5422,1624449101435995374,iri_wam_link_base,0.0446846830148,-0.557168195499,0.292966416582,0.704252839088,0.709400057793,0.0269765462726,-0.00719602080062
1624449101497336807,5423,1624449101497793099,iri_wam_link_base,0.0517061294066,-0.549721505172,0.290287535592,0.704154670238,0.709522664547,0.0260965358466,-0.00791996717453
1624449101535635384,5424,1624449101536132729,iri_wam_link_base,0.0562614066753,-0.544947139534,0.288797229919,0.70418047905,0.709540426731,0.0250733736902,-0.00732086692005
1624449101597444429,5425,1624449101597938155,iri_wam_link_base,0.0636600117747,-0.536674522439,0.286256738352,0.703158915043,0.710589826107,0.0246904678643,-0.00447095511481
1624449101635748144,5426,1624449101636265176,iri_wam_link_base,0.0675907980742,-0.531410744113,0.284742376172,0.703613877296,0.710183739662,0.0235442053527,-0.00349509669468
1624449101697604823,5427,1624449101698067944,iri_wam_link_base,0.0730119888081,-0.523798554197,0.282680300195,0.703805506229,0.710096478462,0.0202972050756,-0.00297630927525
1624449101735976231,5428,1624449101736403950,iri_wam_link_base,0.0762033335603,-0.519579044278,0.281121739445,0.703992247581,0.709918022156,0.0201877616346,-0.00193574267905
1624449101797762803,5429,1624449101798211527,iri_wam_link_base,0.0813633108103,-0.51348855286,0.278132739322,0.703473687172,0.710349440575,0.0229844022542,0.000390582863474
1624449101837165827,5430,1624449101836570972,iri_wam_link_base,0.0847320240308,-0.510225190773,0.276389645633,0.704213321209,0.709540963173,0.0252026841044,0.000277250364888
1624449101897876922,5431,1624449101898363200,iri_wam_link_base,0.0906821625022,-0.506079655882,0.273267529751,0.704474270344,0.709373354912,0.022439841181,-0.00138557818718
1624449101937307446,5432,1624449101937839651,iri_wam_link_base,0.0952611044941,-0.503274763602,0.270884287204,0.704665720463,0.709124267101,0.0240201614797,-0.00346865737811
1624449101997996289,5433,1624449101998491455,iri_wam_link_base,0.102450786358,-0.498603468551,0.26675716475,0.704426109791,0.709342420101,0.0239820089191,-0.00648820353672
1624449102037458044,5434,1624449102037975026,iri_wam_link_base,0.107152049272,-0.495195580552,0.263763101029,0.705056071281,0.708782970905,0.0214508716017,-0.00790431443602
1624449102099224497,5435,1624449102098629959,iri_wam_link_base,0.114149495645,-0.488819009809,0.259807916116,0.705166757107,0.708588302135,0.0228194929659,-0.0110286548734
1624449102137599506,5436,1624449102138114329,iri_wam_link_base,0.118001469103,-0.485272701852,0.257726990965,0.704468667507,0.709374368191,0.0207426398993,-0.0090366108343
1624449102199356764,5437,1624449102199815182,iri_wam_link_base,0.123781303162,-0.47902443531,0.255110200137,0.704940795898,0.708883106709,0.0210528820753,-0.00999652873725
1624449102237736787,5438,1624449102238254429,iri_wam_link_base,0.127428303189,-0.474989820554,0.253900553027,0.705381095409,0.708361625671,0.0230567157269,-0.0113909104839
1624449102299479128,5439,1624449102299968354,iri_wam_link_base,0.133543922801,-0.469002010967,0.251700149843,0.704656660557,0.709156692028,0.0224105678499,-0.0073173888959
1624449102337893080,5440,1624449102338399208,iri_wam_link_base,0.136996009516,-0.464691385367,0.24985278788,0.704942166805,0.708907604218,0.0206834971905,-0.00887240096927
1624449102399617537,5441,1624449102400099329,iri_wam_link_base,0.143023312271,-0.457797181829,0.246371187964,0.705079436302,0.708743393421,0.021465241909,-0.00922216847539
1624449102439201004,5442,1624449102438557124,iri_wam_link_base,0.14566381503,-0.45450499256,0.24367685315,0.704744338989,0.709172070026,0.0185982752591,-0.00803181994706
1624449102499889589,5443,1624449102500235504,iri_wam_link_base,0.147672571247,-0.449010415147,0.237870807464,0.705510556698,0.708505451679,0.0133619140834,-0.00981457345188
1624449102539311345,5444,1624449102539765771,iri_wam_link_base,0.147505026659,-0.446014143535,0.233905490475,0.704786300659,0.709276795387,0.0117409871891,-0.00805856101215
1624449102599879726,5445,1624449102600383384,iri_wam_link_base,0.146487055948,-0.441971548653,0.228682206414,0.70543140173,0.708627223969,0.0128113226965,-0.00706553179771
1624449102639397402,5446,1624449102639912568,iri_wam_link_base,0.145687747742,-0.43950105104,0.225471908711,0.704792320728,0.709301412106,0.0112550575286,-0.00570901297033
1624449102700046678,5447,1624449102700517842,iri_wam_link_base,0.145096622932,-0.43551135263,0.220868208534,0.705183386803,0.708897531033,0.0128407226875,-0.00397030962631
1624449102739547433,5448,1624449102740046631,iri_wam_link_base,0.144990043577,-0.433136747714,0.218096223641,0.705193519592,0.708843111992,0.0148963686079,-0.00465819984674
1624449102801231871,5449,1624449102800644226,iri_wam_link_base,0.145346539043,-0.43069603596,0.213948151612,0.704437375069,0.709641575813,0.0129054440185,-0.00320542277768
1624449102839663695,5450,1624449102840184157,iri_wam_link_base,0.145505496796,-0.428736653128,0.210729076932,0.705324530602,0.708758592606,0.0124772405252,-0.00478484854102
1624449102901378927,5451,1624449102901852483,iri_wam_link_base,0.145907488643,-0.425697214112,0.204385295016,0.704154610634,0.709952056408,0.0108904503286,-0.00397043162957
1624449102939808954,5452,1624449102940316482,iri_wam_link_base,0.146641176056,-0.423551966043,0.200165374511,0.705368101597,0.708731889725,0.0112136546522,-0.00540249561891
1624449103001511226,5453,1624449103001998496,iri_wam_link_base,0.14752062414,-0.420578157311,0.193104848765,0.704527139664,0.709566414356,0.011145199649,-0.00572257209569
1624449103039939202,5454,1624449103040447777,iri_wam_link_base,0.147873152331,-0.418460816427,0.189042471832,0.705243587494,0.708816766739,0.0130545767024,-0.00631899852306
1624449103101646831,5455,1624449103102132744,iri_wam_link_base,0.147980719162,-0.415741269988,0.183133199008,0.705103456974,0.708963871002,0.0121217695996,-0.00724274013191
1624449103140084696,5456,1624449103140578105,iri_wam_link_base,0.148246485799,-0.414472461542,0.180066785578,0.704904973507,0.70914888382,0.0123084448278,-0.00808599218726
1624449103203776091,5457,1624449103203028542,iri_wam_link_base,0.147855824446,-0.412285886096,0.174649836355,0.704958438873,0.709124267101,0.0106197400019,-0.00797247700393
1624449103241307579,5458,1624449103240721523,iri_wam_link_base,0.147619495499,-0.410272167753,0.171121245796,0.705146312714,0.708937227726,0.0101287951693,-0.00861052423716
1624449103303879840,5459,1624449103304355116,iri_wam_link_base,0.147764596869,-0.406206797399,0.164921597036,0.705135643482,0.708942830563,0.0112414481118,-0.00757269794121
1624449103341412279,5460,1624449103341936103,iri_wam_link_base,0.1479227645,-0.403620279108,0.161375887432,0.705012977123,0.709018588066,0.0137095786631,-0.00783074367791
1624449103404011960,5461,1624449103404485652,iri_wam_link_base,0.14800647788,-0.401085924031,0.156109573055,0.704809248447,0.709226250648,0.01407780312,-0.00662637036294
1624449103441604204,5462,1624449103442071727,iri_wam_link_base,0.148007611103,-0.40041068237,0.153420198629,0.704807698727,0.709249138832,0.0135863563046,-0.00521038845181
1624449103504140316,5463,1624449103504619717,iri_wam_link_base,0.148389293319,-0.40117818413,0.151250144138,0.705494642258,0.70861774683,0.0117059824988,-0.00107231817674
1624449103541834401,5464,1624449103542243225,iri_wam_link_base,0.148385296683,-0.40131470292,0.150960660471,0.705459594727,0.708652973175,0.0116958217695,-0.000963952916209
1624449103605340926,5465,1624449103604750218,iri_wam_link_base,0.148399728484,-0.401309903034,0.150973799114,0.705456018448,0.708656847477,0.0116770938039,-0.00090933276806
1624449103641920826,5466,1624449103642432966,iri_wam_link_base,0.148420442745,-0.401321259675,0.150999717515,0.705470740795,0.708642184734,0.0116804540157,-0.000891629781108
1624449103709696978,5467,1624449103709000716,iri_wam_link_base,0.148412477315,-0.401300222074,0.150986999594,0.705441474915,0.70867139101,0.0116770314053,-0.000892594107427
1624449103742089502,5468,1624449103742565640,iri_wam_link_base,0.148412477315,-0.401300222074,0.150986999594,0.705405116081,0.708707630634,0.0116770770401,-0.000891993928235
1624449103809838690,5469,1624449103810318187,iri_wam_link_base,0.148426377261,-0.40129865764,0.150977493738,0.705463349819,0.708649396896,0.0116932848468,-0.000898121215869
1624449103843158265,5470,1624449103842693265,iri_wam_link_base,0.148423277172,-0.401334257133,0.150976948202,0.705481827259,0.70863121748,0.0116781489924,-0.000875412195455
1624449103909989385,5471,1624449103910456122,iri_wam_link_base,0.148407950137,-0.401297741176,0.150986975132,0.705451786518,0.708661317825,0.0116652296856,-0.000933477131184
1624449103943335477,5472,1624449103943765283,iri_wam_link_base,0.148428061125,-0.401303537224,0.150977432525,0.705437958241,0.708675026894,0.0116746723652,-0.000859635649249
1624449104010147354,5473,1624449104010592177,iri_wam_link_base,0.148428061125,-0.401303537224,0.150977432525,0.705401539803,0.708711266518,0.0116747161373,-0.000859035819303
1624449104043492399,5474,1624449104043993402,iri_wam_link_base,0.148415312317,-0.401313218484,0.150964231492,0.705452561378,0.70866048336,0.0116747319698,-0.000876374542713
1624449104111182429,5475,1624449104110725920,iri_wam_link_base,0.148422053148,-0.401332733673,0.150963990543,0.705387532711,0.708726584911,0.0116002783179,-0.00072302686749
1624449104143631206,5476,1624449104144124498,iri_wam_link_base,0.148406999269,-0.401341573515,0.150973353298,0.705325126648,0.70878970623,0.0115350252017,-0.000681412988342
1624449104211907426,5477,1624449104212231858,iri_wam_link_base,0.148430215894,-0.401311766086,0.150964359388,0.705329179764,0.708785355091,0.0115596111864,-0.000630859576631
1624449104243869668,5478,1624449104244274304,iri_wam_link_base,0.148428527653,-0.401306888918,0.150964417863,0.705354630947,0.708759725094,0.0115781985223,-0.000669349275995
1624449104312044744,5479,1624449104312480964,iri_wam_link_base,0.1484237399,-0.401337611617,0.150963931438,0.705398499966,0.708715975285,0.0115816453472,-0.000685134844389
1624449104343969119,5480,1624449104344457163,iri_wam_link_base,0.148422053148,-0.401332733673,0.150963990543,0.705460250378,0.708654165268,0.0116002010182,-0.000724218494724
1624449104412172901,5481,1624449104412617611,iri_wam_link_base,0.148414093119,-0.401296301083,0.150974127552,0.705471336842,0.708642601967,0.0116294287145,-0.000739611103199
1624449104444114219,5482,1624449104444594507,iri_wam_link_base,0.148423466634,-0.401292255363,0.150964596006,0.705430805683,0.708682894707,0.0116339735687,-0.000784817559179
1624449104513222663,5483,1624449104512747458,iri_wam_link_base,0.148397697572,-0.401266258503,0.150938865148,0.705492079258,0.708620846272,0.0116864247248,-0.000917982251849
1624449104545239987,5484,1624449104544732598,iri_wam_link_base,0.148396013182,-0.401261379242,0.150938926934,0.705553889275,0.708558917046,0.0117049785331,-0.000957072188612
1624449104613613632,5485,1624449104613834100,iri_wam_link_base,0.148403979399,-0.401282419668,0.150951639852,0.705546736717,0.708566009998,0.0117084402591,-0.000955510069616
1624449104645395718,5486,1624449104645860008,iri_wam_link_base,0.148396013182,-0.401261379242,0.150938926934,0.705517470837,0.708595216274,0.0117050269619,-0.000956470554229
1624449104713654670,5487,1624449104714131134,iri_wam_link_base,0.148396546427,-0.401258143112,0.150961569496,0.705492079258,0.708621144295,0.0116700660437,-0.000896316079888
1624449104745566643,5488,1624449104746048868,iri_wam_link_base,0.148406196212,-0.401284062509,0.150974222511,0.705496013165,0.708617508411,0.0116548733786,-0.000856867874973
1624449104813821905,5489,1624449104814267585,iri_wam_link_base,0.14839938258,-0.401271137423,0.150938803816,0.705466806889,0.708646416664,0.0116678262129,-0.000879493542016
1624449104845748800,5490,1624449104846194758,iri_wam_link_base,0.148412130282,-0.401261457424,0.150952003457,0.705452203751,0.708660960197,0.0116677666083,-0.000862754241098
1624449104914020959,5491,1624449104914403307,iri_wam_link_base,0.148388854979,-0.401282458758,0.150948188125,0.705466985703,0.708647191525,0.0116142937914,-0.000798186985776
1624449104945864799,5492,1624449104946347427,iri_wam_link_base,0.148418877291,-0.401280969418,0.15095176329,0.705387115479,0.708727121353,0.0115933623165,-0.000709389802068
1624449105014088991,5493,1624449105014545180,iri_wam_link_base,0.148407207511,-0.401299561395,0.150961008957,0.705346822739,0.708768963814,0.0114909214899,-0.000591963005718
1624449105046045113,5494,1624449105046506356,iri_wam_link_base,0.148397294456,-0.401306845166,0.150947893379,0.705412983894,0.708702683449,0.0115213142708,-0.000606919231359
1624449105114230634,5495,1624449105114682843,iri_wam_link_base,0.148411733731,-0.401302041116,0.150961036293,0.705372989178,0.708742797375,0.0115026859567,-0.000551684002858
1624449105146300513,5496,1624449105146652788,iri_wam_link_base,0.148411733731,-0.401302041116,0.150961036293,0.705372989178,0.708742797375,0.0115026859567,-0.000551684002858
1624449105215479946,5497,1624449105214815875,iri_wam_link_base,0.148431904752,-0.401316642911,0.150964301366,0.705413103104,0.708702206612,0.0115409372374,-0.000594147655647
1624449105247499018,5498,1624449105246831425,iri_wam_link_base,0.148389390416,-0.401294611429,0.150947983724,0.705437600613,0.708677589893,0.0115467021242,-0.000724183686543
1624449105315549922,5499,1624449105316026447,iri_wam_link_base,0.148392228918,-0.401292214347,0.150948068868,0.705452680588,0.70866215229,0.0115770818666,-0.000721801712643
1624449105347638427,5500,1624449105348106820,iri_wam_link_base,0.148392228918,-0.401292214347,0.150948068868,0.705452680588,0.70866215229,0.0115770818666,-0.000721801712643
1624449105415692372,5501,1624449105416177094,iri_wam_link_base,0.148403290166,-0.401277656755,0.150961327987,0.705499827862,0.708614826202,0.011595569551,-0.000744148099329
1624449105447783288,5502,1624449105448240136,iri_wam_link_base,0.148396754951,-0.401294695208,0.150948095159,0.705478787422,0.708635985851,0.0115888388827,-0.000681521720253
1624449105515820440,5503,1624449105516309084,iri_wam_link_base,0.148383798703,-0.401267822811,0.15094837041,0.705615818501,0.708497881889,0.0116699850187,-0.000914852949791
1624449105547897108,5504,1624449105548369328,iri_wam_link_base,0.148406196212,-0.401284062509,0.150974222511,0.705568790436,0.708545029163,0.0116547849029,-0.000858065555803
1624449105616016204,5505,1624449105616445046,iri_wam_link_base,0.14839938258,-0.401271137423,0.150938803816,0.705539524555,0.708573937416,0.0116677349433,-0.000880692095961
1624449105648049706,5506,1624449105648508860,iri_wam_link_base,0.14839054164,-0.401287336723,0.15094812827,0.705514431,0.708600282669,0.0115956263617,-0.00076088833157
1624449105716110404,5507,1624449105716606186,iri_wam_link_base,0.148404441309,-0.401285772133,0.150938622539,0.705499887466,0.708614528179,0.0116119273007,-0.000765814387705
1624449105748174130,5508,1624449105748643434,iri_wam_link_base,0.148387168936,-0.40127758045,0.150948248434,0.705565154552,0.708549082279,0.0116328001022,-0.00083787139738
1624449105816245397,5509,1624449105816739447,iri_wam_link_base,0.148403290166,-0.401277656755,0.150961327987,0.705499827862,0.708614826202,0.011595569551,-0.000744148099329
1624449105848348189,5510,1624449105848778887,iri_wam_link_base,0.148393916813,-0.401297091629,0.150948009918,0.705463707447,0.708651483059,0.011558463797,-0.000683903985191
1624449105917562731,5511,1624449105916870554,iri_wam_link_base,0.14840666574,-0.401287411526,0.150961209951,0.705449104309,0.708666026592,0.0115584079176,-0.000667162879836
1624449105949614663,5512,1624449105948914809,iri_wam_link_base,0.14840666574,-0.401287411526,0.150961209951,0.705449104309,0.708666026592,0.0115584079176,-0.000667162879836
1624449106017729249,5513,1624449106018165193,iri_wam_link_base,0.148404977645,-0.401282534311,0.150961268742,0.705474436283,0.7086404562,0.011576987803,-0.000705656071659
1624449106049751484,5514,1624449106050192173,iri_wam_link_base,0.148392228918,-0.401292214347,0.150948068868,0.705489039421,0.708625912666,0.0115770436823,-0.00072239653673
1624449106117817182,5515,1624449106118306055,iri_wam_link_base,0.148393916813,-0.401297091629,0.150948009918,0.705463707447,0.708651483059,0.011558463797,-0.000683903985191
1624449106149979429,5516,1624449106150344943,iri_wam_link_base,0.148392228918,-0.401292214347,0.150948068868,0.705489039421,0.708625912666,0.0115770436823,-0.00072239653673
1624449106217950139,5517,1624449106218440981,iri_wam_link_base,0.148398227674,-0.401278413929,0.15093865729,0.705499053001,0.708615064621,0.0116187483072,-0.000844585534651
1624449106250060800,5518,1624449106250522710,iri_wam_link_base,0.148401603305,-0.401272778857,0.150961387685,0.70552521944,0.708589196205,0.0116141559556,-0.000782639952376
1624449106318080828,5519,1624449106318571762,iri_wam_link_base,0.148398282682,-0.401308996519,0.150973982739,0.705516695976,0.708598315716,0.011580388993,-0.000704489182681
