%time,field.header.seq,field.header.stamp,field.header.frame_id,field.pose.position.x,field.pose.position.y,field.pose.position.z,field.pose.orientation.x,field.pose.orientation.y,field.pose.orientation.z,field.pose.orientation.w
1624448499864297778,3928,1624448499864721607,iri_wam_link_base,-0.000926219143029,-0.403650422258,0.342451238061,0.707671761513,0.706503927708,0.00374112720601,-0.00623510731384
1624448499864611320,3929,1624448499865145269,iri_wam_link_base,-0.000926219143029,-0.403650422258,0.342451238061,0.707671761513,0.706503927708,0.00374112720601,-0.00623510731384
1624448499964430495,3930,1624448499964866121,iri_wam_link_base,-0.000918047907492,-0.403640920657,0.342451344715,0.707739114761,0.706435859203,0.00384312635288,-0.00624328665435
1624448499964722611,3931,1624448499965275485,iri_wam_link_base,-0.000918047907492,-0.403640920657,0.342451344715,0.707739114761,0.706435859203,0.00384312635288,-0.00624328665435
1624448500064544125,3932,1624448500065016067,iri_wam_link_base,-0.000902849244577,-0.403615311894,0.342438957762,0.707795858383,0.706378757954,0.00386638008058,-0.00626107305288
1624448500064830294,3933,1624448500065410514,iri_wam_link_base,-0.000902849244577,-0.403615311894,0.342438957762,0.707795858383,0.706378757954,0.00386638008058,-0.00626107305288
1624448500164703215,3934,1624448500165155966,iri_wam_link_base,-0.000906782169719,-0.403610434098,0.342439041232,0.707743823528,0.706430375576,0.00387227884494,-0.00631194747984
1624448500166134495,3935,1624448500165517158,iri_wam_link_base,-0.00092198061627,-0.403636042682,0.342451427938,0.707723259926,0.706451237202,0.0038487073034,-0.00629436038435
1624448500264896461,3936,1624448500265305873,iri_wam_link_base,-0.000906934862432,-0.403620062776,0.342438903798,0.707816660404,0.706358134747,0.00381489912979,-0.00625726906583
1624448500266241480,3937,1624448500266750723,iri_wam_link_base,-0.000902811226159,-0.403631798884,0.342462136593,0.707832157612,0.706342756748,0.00383561290801,-0.00623146304861
1624448500366185544,3938,1624448500365510703,iri_wam_link_base,-0.000906782169719,-0.403610434098,0.342439041232,0.70785266161,0.706321358681,0.00387130631134,-0.00631254492328
1624448500366285344,3939,1624448500366884528,iri_wam_link_base,-0.000906782169719,-0.403610434098,0.342439041232,0.707816362381,0.706357657909,0.0038716304116,-0.00631234515458
1624448500466370026,3940,1624448500466800243,iri_wam_link_base,-0.00092198061627,-0.403636042682,0.342451427938,0.707759559155,0.706414878368,0.0038483843673,-0.00629455829039
1624448500466400442,3941,1624448500466983769,iri_wam_link_base,-0.00092198061627,-0.403636042682,0.342451427938,0.707759559155,0.706414878368,0.0038483843673,-0.00629455829039
1624448500566451598,3942,1624448500566940649,iri_wam_link_base,-0.000906896840075,-0.403636549774,0.342462083037,0.707816660404,0.706358611584,0.00378445279785,-0.00622746022418
1624448500566510391,3943,1624448500567075475,iri_wam_link_base,-0.000906896840075,-0.403636549774,0.342462083037,0.707816660404,0.706358611584,0.00378445279785,-0.00622746022418
1624448500666692383,3944,1624448500667081644,iri_wam_link_base,-0.000890773239669,-0.403629512274,0.342427808137,0.707691788673,0.706483185291,0.00382751063444,-0.00626441137865
1624448500666747983,3945,1624448500667212199,iri_wam_link_base,-0.000890773239669,-0.403629512274,0.342427808137,0.707691788673,0.706483185291,0.00382751063444,-0.00626441137865
1624448500766792789,3946,1624448500767197314,iri_wam_link_base,-0.000906744155318,-0.403626921084,0.342462219651,0.707816362381,0.706358075142,0.00384118454531,-0.00628253770992
1624448500766865480,3947,1624448500767376051,iri_wam_link_base,-0.000906744155318,-0.403626921084,0.342462219651,0.707816362381,0.706358075142,0.00384118454531,-0.00628253770992
1624448500866805239,3948,1624448500867310618,iri_wam_link_base,-0.000902811226159,-0.403631798884,0.342462136593,0.707795858383,0.706379175186,0.00383593328297,-0.00623126607388
1624448500867890503,3949,1624448500867473004,iri_wam_link_base,-0.000902811226159,-0.403631798884,0.342462136593,0.707795858383,0.706379175186,0.00383593328297,-0.00623126607388
1624448500967066756,3950,1624448500967451938,iri_wam_link_base,-0.000906782169719,-0.403610434098,0.342439041232,0.707743823528,0.706430375576,0.00387227884494,-0.00631194747984
1624448500968193535,3951,1624448500968629490,iri_wam_link_base,-0.000906782169719,-0.403610434098,0.342439041232,0.707780063152,0.706394016743,0.00387195497751,-0.00631214678288
1624448501068266646,3952,1624448501068648143,iri_wam_link_base,-0.000906782169719,-0.403610434098,0.342439041232,0.70785266161,0.706321358681,0.00387130631134,-0.00631254492328
1624448501068326334,3953,1624448501068896181,iri_wam_link_base,-0.000906782169719,-0.403610434098,0.342439041232,0.70785266161,0.706321358681,0.00387130631134,-0.00631254492328
1624448501168415387,3954,1624448501168864978,iri_wam_link_base,-0.000906934862432,-0.403620062776,0.342438903798,0.707780361176,0.706394553185,0.00381522066891,-0.00625707302243
1624448501168463811,3955,1624448501168999051,iri_wam_link_base,-0.000906934862432,-0.403620062776,0.342438903798,0.707780361176,0.706394553185,0.00381522066891,-0.00625707302243
1624448501268688105,3956,1624448501268997135,iri_wam_link_base,-0.000906934862432,-0.403620062776,0.342438903798,0.707744061947,0.706430912018,0.00381554220803,-0.00625687697902
1624448501268729986,3957,1624448501269133289,iri_wam_link_base,-0.000906934862432,-0.403620062776,0.342438903798,0.707744061947,0.706430912018,0.00381554220803,-0.00625687697902
1624448501368668418,3958,1624448501369099076,iri_wam_link_base,-0.000896126410638,-0.403615218153,0.342438987149,0.707751691341,0.706422805786,0.00382067984901,-0.00630821660161
1624448501368689540,3959,1624448501369239524,iri_wam_link_base,-0.000896126410638,-0.403615218153,0.342438987149,0.707751691341,0.706422805786,0.00382067984901,-0.00630821660161
1624448501468792931,3960,1624448501469249779,iri_wam_link_base,-0.000910867790759,-0.403615185154,0.342438987149,0.707800865173,0.70637357235,0.00382047123276,-0.00630834279582
1624448501468894379,3961,1624448501469381822,iri_wam_link_base,-0.000910867790759,-0.403615185154,0.342438987149,0.707800865173,0.70637357235,0.00382047123276,-0.00630834279582
1624448501568862066,3962,1624448501569338000,iri_wam_link_base,-0.000902849244577,-0.403615311894,0.342438957762,0.707868456841,0.706305921078,0.00386573676951,-0.00626147026196
1624448501568967991,3963,1624448501569470934,iri_wam_link_base,-0.000902849244577,-0.403615311894,0.342438957762,0.707868456841,0.706305921078,0.00386573676951,-0.00626147026196
1624448501669023290,3964,1624448501669482501,iri_wam_link_base,-0.000906896840075,-0.403636549774,0.342462083037,0.707816660404,0.706358611584,0.00378445279785,-0.00622746022418
1624448501670182089,3965,1624448501669612129,iri_wam_link_base,-0.000906896840075,-0.403636549774,0.342462083037,0.707816660404,0.706358611584,0.00378445279785,-0.00622746022418
1624448501770024486,3966,1624448501769569599,iri_wam_link_base,-0.000918085382447,-0.403624433045,0.342428166326,0.707848012447,0.706326246262,0.00387261016294,-0.00627368548885
1624448501770965315,3967,1624448501770874708,iri_wam_link_base,-0.000919010659778,-0.403605861567,0.342450053079,0.707811892033,0.706362783909,0.00385473435745,-0.00625333981588
1624448501870254360,3968,1624448501870675404,iri_wam_link_base,-0.000910829772419,-0.403631672148,0.342462165976,0.707800805569,0.706374049187,0.00379002466798,-0.00627853674814
1624448501871251348,3969,1624448501870974528,iri_wam_link_base,-0.000910829772419,-0.403631672148,0.342462165976,0.707800805569,0.706374049187,0.00379002466798,-0.00627853674814
1624448501970407427,3970,1624448501970896205,iri_wam_link_base,-0.000902849244577,-0.403615311894,0.342438957762,0.707832157612,0.706342339516,0.00386605854146,-0.00626127189025
1624448501970506595,3971,1624448501971069969,iri_wam_link_base,-0.000902849244577,-0.403615311894,0.342438957762,0.707832157612,0.706342339516,0.00386605854146,-0.00626127189025
1624448502070713894,3972,1624448502071161404,iri_wam_link_base,-0.000906744155318,-0.403626921084,0.342462219651,0.707816362381,0.706358075142,0.00384118454531,-0.00628253770992
1624448502071624711,3973,1624448502071161404,iri_wam_link_base,-0.000906744155318,-0.403626921084,0.342462219651,0.707816362381,0.706358075142,0.00384118454531,-0.00628253770992
1624448502170693452,3974,1624448502171176044,iri_wam_link_base,-0.000906782169719,-0.403610434098,0.342439041232,0.707816362381,0.706357657909,0.0038716304116,-0.00631234515458
1624448502170865128,3975,1624448502171450166,iri_wam_link_base,-0.000906782169719,-0.403610434098,0.342439041232,0.707816362381,0.706357657909,0.0038716304116,-0.00631234515458
1624448502270838232,3976,1624448502271320533,iri_wam_link_base,-0.000898878719239,-0.403636676861,0.342462054178,0.70777541399,0.706400096416,0.00383067503572,-0.00617999583483
1624448502270955018,3977,1624448502271558707,iri_wam_link_base,-0.000898878719239,-0.403636676861,0.342462054178,0.70777541399,0.706400096416,0.00383067503572,-0.00617999583483
1624448502370949153,3978,1624448502371458137,iri_wam_link_base,-0.000926991787823,-0.403622220824,0.342473261789,0.707816839218,0.706358075142,0.00377837964334,-0.0062708039768
1624448502372199559,3979,1624448502371653990,iri_wam_link_base,-0.000926991787823,-0.403622220824,0.342473261789,0.707816839218,0.706358075142,0.00377837964334,-0.0062708039768
1624448502471102980,3980,1624448502471588191,iri_wam_link_base,-0.000917935261956,-0.403690371641,0.34252088831,0.707847952843,0.706328034401,0.00375082576647,-0.00615445524454
1624448502472357981,3981,1624448502472878136,iri_wam_link_base,-0.000922058667681,-0.403678640676,0.342497652877,0.707868695259,0.706307113171,0.00372979347594,-0.00618045544252
1624448502572431730,3982,1624448502572795577,iri_wam_link_base,-0.000826112669652,-0.404594283831,0.343610635461,0.708097696304,0.706102907658,0.00207911944017,-0.00346790952608
1624448502572528542,3983,1624448502573049868,iri_wam_link_base,-0.000826112669652,-0.404594283831,0.343610635461,0.708097696304,0.706102907658,0.00207911944017,-0.00346790952608
1624448502672533385,3984,1624448502672998053,iri_wam_link_base,-0.000826382814289,-0.408528144209,0.349397431237,0.707941770554,0.706242918968,-0.00519531173632,0.00352327129804
1624448502672632524,3985,1624448502673170871,iri_wam_link_base,-0.000826382814289,-0.408528144209,0.349397431237,0.707941770554,0.706242918968,-0.00519531173632,0.00352327129804
1624448502772640456,3986,1624448502773132660,iri_wam_link_base,-0.000787471626968,-0.412209885222,0.354991654219,0.707892179489,0.706143915653,-0.0119907595217,0.0102804498747
1624448502772689771,3987,1624448502773259212,iri_wam_link_base,-0.000787471626968,-0.412209885222,0.354991654219,0.707892179489,0.706143915653,-0.0119907595217,0.0102804498747
1624448502872798122,3988,1624448502873263003,iri_wam_link_base,-0.000537477426208,-0.414302076558,0.358502004964,0.70830065012,0.705631256104,-0.0136490333825,0.0144348423928
1624448502872903587,3989,1624448502873390081,iri_wam_link_base,-0.000537477426208,-0.414302076558,0.358502004964,0.70830065012,0.705631256104,-0.0136490333825,0.0144348423928
1624448502972875744,3990,1624448502973359365,iri_wam_link_base,-0.00052400272123,-0.417737715096,0.364755370063,0.708001077175,0.705725669861,-0.0182657018304,0.0187630392611
1624448502972921167,3991,1624448502973486792,iri_wam_link_base,-0.00052400272123,-0.417737715096,0.364755370063,0.708001077175,0.705725669861,-0.0182657018304,0.0187630392611
1624448503072979701,3992,1624448503073487464,iri_wam_link_base,-0.000561366390689,-0.4211223149,0.371133029288,0.707556247711,0.706007480621,-0.0223307628185,0.0204669181257
1624448503073046547,3993,1624448503073606645,iri_wam_link_base,-0.000561366390689,-0.4211223149,0.371133029288,0.707556247711,0.706007480621,-0.0223307628185,0.0204669181257
1624448503173082945,3994,1624448503173595612,iri_wam_link_base,0.000283283045724,-0.424208027399,0.37492084491,0.707323729992,0.706163406372,-0.0226428695023,0.0226649940014
1624448503174318262,3995,1624448503173720060,iri_wam_link_base,0.000283283045724,-0.424208027399,0.37492084491,0.707323729992,0.706163406372,-0.0226428695023,0.0226649940014
1624448503274302043,3996,1624448503273701257,iri_wam_link_base,0.000635649593673,-0.428630734593,0.379319021639,0.706630110741,0.706723332405,-0.0258683376014,0.0233857557178
1624448503274423772,3997,1624448503274967477,iri_wam_link_base,0.000634159594112,-0.428680980326,0.379381616687,0.70668900013,0.706671833992,-0.0256952680647,0.0233531594276
1624448503374508633,3998,1624448503374945047,iri_wam_link_base,0.000732022605194,-0.433997044845,0.384801139124,0.706276237965,0.707076609135,-0.0273603498936,0.0216300189495
1624448503374604097,3999,1624448503375099764,iri_wam_link_base,0.000732022605194,-0.433997044845,0.384801139124,0.706276237965,0.707076609135,-0.0273603498936,0.0216300189495
1624448503474587700,4000,1624448503475089105,iri_wam_link_base,0.00130761987997,-0.43870370072,0.388923613172,0.70695579052,0.706489503384,-0.02456641756,0.0219679400325
1624448503474642673,4001,1624448503475211714,iri_wam_link_base,0.00130761987997,-0.43870370072,0.388923613172,0.70695579052,0.706489503384,-0.02456641756,0.0219679400325
1624448503574724306,4002,1624448503575199620,iri_wam_link_base,-0.000793659351966,-0.444915329503,0.389254699893,0.707968771458,0.705396533012,-0.0268737636507,0.0217659771442
1624448503574780662,4003,1624448503575326488,iri_wam_link_base,-0.000793659351966,-0.444915329503,0.389254699893,0.707968771458,0.705396533012,-0.0268737636507,0.0217659771442
1624448503674910761,4004,1624448503675309550,iri_wam_link_base,-0.00518321609689,-0.454036279275,0.386701113266,0.708689808846,0.704644203186,-0.0286884866655,0.0203058235347
1624448503674956384,4005,1624448503675434736,iri_wam_link_base,-0.00518321609689,-0.454036279275,0.386701113266,0.708689808846,0.704644203186,-0.0286884866655,0.0203058235347
1624448503774953593,4006,1624448503775447150,iri_wam_link_base,-0.00947273967989,-0.466805261139,0.388010948277,0.708512723446,0.704594016075,-0.0343705154955,0.0193808749318
1624448503775017251,4007,1624448503775586171,iri_wam_link_base,-0.00947273967989,-0.466805261139,0.388010948277,0.708512723446,0.704594016075,-0.0343705154955,0.0193808749318
1624448503875198911,4008,1624448503875534686,iri_wam_link_base,-0.0136645904644,-0.477725291485,0.388083228165,0.708806574345,0.704353928566,-0.0345714204013,0.0168418064713
1624448503875225406,4009,1624448503875678593,iri_wam_link_base,-0.0136645904644,-0.477725291485,0.388083228165,0.708806574345,0.704353928566,-0.0345714204013,0.0168418064713
1624448503975313622,4010,1624448503975662355,iri_wam_link_base,-0.0184622841173,-0.486632778131,0.387001378622,0.708781838417,0.704358100891,-0.0352821089327,0.0162232425064
1624448503976381030,4011,1624448503975786866,iri_wam_link_base,-0.0184622841173,-0.486632778131,0.387001378622,0.708781838417,0.704358100891,-0.0352821089327,0.0162232425064
1624448504076616623,4012,1624448504075778780,iri_wam_link_base,-0.0235265608831,-0.495726542509,0.388531821886,0.70910859108,0.703856825829,-0.0382710061967,0.0169065482914
1624448504076656864,4013,1624448504077087102,iri_wam_link_base,-0.023630570946,-0.495876578051,0.388565099035,0.709116518497,0.703855276108,-0.0382013618946,0.0167969726026
1624448504176587142,4014,1624448504176994427,iri_wam_link_base,-0.0281802456776,-0.504651897131,0.389413242492,0.708800375462,0.704175949097,-0.0380134060979,0.0171244107187
1624448504176695245,4015,1624448504177208690,iri_wam_link_base,-0.0281802456776,-0.504651897131,0.389413242492,0.708800375462,0.704175949097,-0.0380134060979,0.0171244107187
1624448504276687704,4016,1624448504277148771,iri_wam_link_base,-0.033329726673,-0.51445086397,0.387880601068,0.708049356937,0.704780459404,-0.041123714298,0.0161070432514
1624448504276749619,4017,1624448504277299911,iri_wam_link_base,-0.033329726673,-0.51445086397,0.387880601068,0.708049356937,0.704780459404,-0.041123714298,0.0161070432514
1624448504376831803,4018,1624448504377281347,iri_wam_link_base,-0.0386808729184,-0.525035373198,0.387505896308,0.708809554577,0.704253256321,-0.0362481959164,0.0173886567354
1624448504376909457,4019,1624448504377405031,iri_wam_link_base,-0.0386808729184,-0.525035373198,0.387505896308,0.708809554577,0.704253256321,-0.0362481959164,0.0173886567354
1624448504476933690,4020,1624448504477399950,iri_wam_link_base,-0.0447699871046,-0.535750777365,0.387542442735,0.709077000618,0.703965306282,-0.0362575501204,0.0181108321995
1624448504476951934,4021,1624448504477521694,iri_wam_link_base,-0.0447699871046,-0.535750777365,0.387542442735,0.709077000618,0.703965306282,-0.0362575501204,0.0181108321995
1624448504577090668,4022,1624448504577504596,iri_wam_link_base,-0.0495662173938,-0.545155720104,0.386843645844,0.708328723907,0.704711973667,-0.0362388603389,0.0183905512094
1624448504577109732,4023,1624448504577626972,iri_wam_link_base,-0.0495662173938,-0.545155720104,0.386843645844,0.708328723907,0.704711973667,-0.0362388603389,0.0183905512094
1624448504677203237,4024,1624448504677618853,iri_wam_link_base,-0.0539333661216,-0.553676687035,0.386039087801,0.708399832249,0.704498648643,-0.0390509068966,0.0180644355714
1624448504677276725,4025,1624448504677737625,iri_wam_link_base,-0.0539333661216,-0.553676687035,0.386039087801,0.708399832249,0.704498648643,-0.0390509068966,0.0180644355714
1624448504777323167,4026,1624448504777725996,iri_wam_link_base,-0.0579430789178,-0.56177158242,0.385597816843,0.708849847317,0.70373415947,-0.0443707145751,0.0179254878312
1624448504778721169,4027,1624448504777853728,iri_wam_link_base,-0.0580272193399,-0.561936373185,0.385524046038,0.708849847317,0.70373415947,-0.0443707145751,0.0179254878312
1624448504878501987,4028,1624448504877834551,iri_wam_link_base,-0.0615411795274,-0.569069699613,0.384646159598,0.708198368549,0.704402029514,-0.04416224733,0.0179599430412
1624448504878754704,4029,1624448504879296442,iri_wam_link_base,-0.0616535094114,-0.569237892501,0.384657898499,0.708218812943,0.704367339611,-0.0443717688322,0.0179974660277
1624448504978598846,4030,1624448504979035039,iri_wam_link_base,-0.0656935679176,-0.578337975932,0.385207442148,0.708440959454,0.703896343708,-0.0476462356746,0.019268611446
1624448504978813986,4031,1624448504979402093,iri_wam_link_base,-0.0656935679176,-0.578337975932,0.385207442148,0.708440959454,0.703896343708,-0.0476462356746,0.019268611446
1624448505078747230,4032,1624448505079197433,iri_wam_link_base,-0.0702100497653,-0.588400354975,0.385208409621,0.708217680454,0.704048871994,-0.048342384398,0.0201497878879
1624448505078920577,4033,1624448505079510207,iri_wam_link_base,-0.0702100497653,-0.588400354975,0.385208409621,0.708217680454,0.704048871994,-0.048342384398,0.0201497878879
1624448505178943729,4034,1624448505179359637,iri_wam_link_base,-0.0757613908221,-0.599313585964,0.384249679125,0.708186924458,0.704159975052,-0.0470664612949,0.0203645620495
1624448505179140332,4035,1624448505179615055,iri_wam_link_base,-0.0757613908221,-0.599313585964,0.384249679125,0.708186924458,0.704159975052,-0.0470664612949,0.0203645620495
1624448505279030258,4036,1624448505279495487,iri_wam_link_base,-0.0809114820332,-0.610030234585,0.384309184721,0.707835972309,0.704570531845,-0.0464198961854,0.0198463983834
1624448505279168981,4037,1624448505279713040,iri_wam_link_base,-0.0809114820332,-0.610030234585,0.384309184721,0.707835972309,0.704570531845,-0.0464198961854,0.0198463983834
1624448505379135667,4038,1624448505379630045,iri_wam_link_base,-0.0847048382006,-0.619265197979,0.384718162013,0.708517789841,0.703928112984,-0.0467419363558,0.0174066890031
1624448505379233353,4039,1624448505379812761,iri_wam_link_base,-0.0847048382006,-0.619265197979,0.384718162013,0.708517789841,0.703928112984,-0.0467419363558,0.0174066890031
1624448505479405492,4040,1624448505479775825,iri_wam_link_base,-0.0883507023256,-0.627128035562,0.383126064761,0.70867562294,0.703642606735,-0.0486971512437,0.0171618480235
1624448505480549302,4041,1624448505479904761,iri_wam_link_base,-0.0884314482356,-0.627253968637,0.383093549913,0.70867562294,0.703642606735,-0.0486971512437,0.0171618480235
1624448505580516576,4042,1624448505579911273,iri_wam_link_base,-0.0905045778443,-0.632876536195,0.378329796194,0.707763373852,0.704935252666,-0.0433335416019,0.0161101836711
1624448505580590285,4043,1624448505581147209,iri_wam_link_base,-0.0905045778443,-0.632876536195,0.378329796194,0.707772493362,0.704930067062,-0.0433163419366,0.0159797295928
1624448505680612595,4044,1624448505681106490,iri_wam_link_base,-0.0903302778409,-0.637384871202,0.372229292619,0.707599401474,0.705302119255,-0.0411331839859,0.0126518327743
1624448505680682246,4045,1624448505681236807,iri_wam_link_base,-0.0903302778409,-0.637384871202,0.372229292619,0.707599401474,0.705302119255,-0.0411331839859,0.0126518327743
1624448505780722618,4046,1624448505781245989,iri_wam_link_base,-0.0899431176377,-0.641234142566,0.368476870874,0.707359850407,0.705579578876,-0.0409603714943,0.0110334046185
1624448505780800551,4047,1624448505781367738,iri_wam_link_base,-0.0899431176377,-0.641234142566,0.368476870874,0.707359850407,0.705579578876,-0.0409603714943,0.0110334046185
1624448505880867439,4048,1624448505881360097,iri_wam_link_base,-0.0894744255776,-0.645727758435,0.364911130535,0.706980407238,0.70593059063,-0.0418199189007,0.00958032160997
1624448505880983332,4049,1624448505881488375,iri_wam_link_base,-0.0894744255776,-0.645727758435,0.364911130535,0.706980407238,0.70593059063,-0.0418199189007,0.00958032160997
1624448505980957568,4050,1624448505981467660,iri_wam_link_base,-0.0892101817875,-0.650659989231,0.358927943777,0.706792235374,0.706214547157,-0.0407060533762,0.0069876392372
1624448505981042485,4051,1624448505981594060,iri_wam_link_base,-0.0892101817875,-0.650659989231,0.358927943777,0.706792235374,0.706214547157,-0.0407060533762,0.0069876392372
1624448506081069145,4052,1624448506081588138,iri_wam_link_base,-0.0896993560055,-0.656425906739,0.353631087142,0.707089185715,0.705841720104,-0.042210880667,0.00552743161097
1624448506081153975,4053,1624448506081713641,iri_wam_link_base,-0.0896993560055,-0.656425906739,0.353631087142,0.707089185715,0.705841720104,-0.042210880667,0.00552743161097
1624448506181185545,4054,1624448506181697855,iri_wam_link_base,-0.0899812027385,-0.662263531349,0.34973699486,0.707977950573,0.705052018166,-0.040257435292,0.00694274157286
1624448506182105225,4055,1624448506181822628,iri_wam_link_base,-0.0899812027385,-0.662263531349,0.34973699486,0.707977950573,0.705052018166,-0.040257435292,0.00694274157286
1624448506281346792,4056,1624448506281812727,iri_wam_link_base,-0.0910112828291,-0.666441653336,0.343599595803,0.708048641682,0.705019950867,-0.0397498235106,0.00581951905042
1624448506282932604,4057,1624448506281974815,iri_wam_link_base,-0.0910282077897,-0.666535369668,0.34349184346,0.708033323288,0.705037236214,-0.039715770632,0.00582642713562
1624448506382370758,4058,1624448506381915627,iri_wam_link_base,-0.0910832428984,-0.670445259949,0.339168308358,0.70787614584,0.705202519894,-0.0396664626896,0.0052318633534
1624448506383014440,4059,1624448506383549614,iri_wam_link_base,-0.0910684879309,-0.670520562332,0.339110885538,0.707864522934,0.705211937428,-0.0397016182542,0.00526486476883
1624448506482536524,4060,1624448506482996794,iri_wam_link_base,-0.0903987416041,-0.674410472098,0.33491007453,0.707712233067,0.70531475544,-0.0402694009244,0.00727256387472
1624448506483059212,4061,1624448506483659055,iri_wam_link_base,-0.0903987416041,-0.674410472098,0.33491007453,0.707712233067,0.70531475544,-0.0402694009244,0.00727256387472
1624448506582673932,4062,1624448506583193908,iri_wam_link_base,-0.0889571011884,-0.674884813391,0.333237326849,0.708301305771,0.705163955688,-0.0310574509203,0.00940760504454
1624448506583165691,4063,1624448506583762575,iri_wam_link_base,-0.0889571011884,-0.674884813391,0.333237326849,0.708301305771,0.705163955688,-0.0310574509203,0.00940760504454
1624448506682846479,4064,1624448506683342343,iri_wam_link_base,-0.0879292869619,-0.674688022315,0.334798149515,0.70819735527,0.705369830132,-0.0276183709502,0.0121325589716
1624448506683281686,4065,1624448506683866470,iri_wam_link_base,-0.0879292869619,-0.674688022315,0.334798149515,0.70819735527,0.705369830132,-0.0276183709502,0.0121325589716
1624448506783009097,4066,1624448506783480694,iri_wam_link_base,-0.0860839560506,-0.674225118159,0.336005972163,0.708150982857,0.705597639084,-0.0202943123877,0.015564606525
1624448506784420962,4067,1624448506783968616,iri_wam_link_base,-0.0860839560506,-0.674225118159,0.336005972163,0.708150982857,0.705597639084,-0.0202943123877,0.015564606525
1624448506883094847,4068,1624448506883618319,iri_wam_link_base,-0.0837750973827,-0.673623959456,0.336777818768,0.707500636578,0.706363320351,-0.0161561090499,0.0152551224455
1624448506884574424,4069,1624448506885100363,iri_wam_link_base,-0.0837426973082,-0.673609205053,0.336792172379,0.707502961159,0.706363618374,-0.0161180496216,0.0151711208746
1624448506985357509,4070,1624448506985635779,iri_wam_link_base,-0.0803108364167,-0.672593967119,0.338331543476,0.706479310989,0.707490086555,-0.0110131101683,0.0149493664503
1624448506985407065,4071,1624448506985635779,iri_wam_link_base,-0.0803108364167,-0.672593967119,0.338331543476,0.706479310989,0.707490086555,-0.0110131101683,0.0149493664503
1624448507084775146,4072,1624448507085278887,iri_wam_link_base,-0.0764119530691,-0.671150253662,0.34047232374,0.705496370792,0.708566069603,-0.00637645181268,0.012975525111
1624448507086621624,4073,1624448507086003650,iri_wam_link_base,-0.0764119530691,-0.671150253662,0.34047232374,0.705496370792,0.708566069603,-0.00637645181268,0.012975525111
1624448507184929956,4074,1624448507185411575,iri_wam_link_base,-0.0719344651928,-0.669825408809,0.342557159921,0.705829381943,0.708296537399,-0.00264825369231,0.0106725702062
1624448507186679860,4075,1624448507187237128,iri_wam_link_base,-0.0717815416688,-0.669799360663,0.342580314877,0.705827713013,0.708300709724,-0.00244877301157,0.0105507336557
1624448507285094045,4076,1624448507285544270,iri_wam_link_base,-0.066736413656,-0.668479963857,0.344648450172,0.705695986748,0.708469092846,0.000853642646689,0.00799763761461
1624448507286826426,4077,1624448507287362539,iri_wam_link_base,-0.0666390615108,-0.6684686025,0.344678314986,0.705845892429,0.70831990242,0.000875676632859,0.00798306148499
1624448507385216056,4078,1624448507385683628,iri_wam_link_base,-0.0620440418286,-0.66715209489,0.345942464264,0.705315470695,0.708846628666,0.00710457516834,0.00400177622214
1624448507386896242,4079,1624448507387470795,iri_wam_link_base,-0.0619654814411,-0.667134337617,0.345972517605,0.70529961586,0.708861708641,0.00717722112313,0.00400120904669
1624448507485329005,4080,1624448507485818453,iri_wam_link_base,-0.0573504364718,-0.665312645788,0.346427046652,0.705160498619,0.708950936794,0.0112937167287,0.00312214670703
1624448507487037474,4081,1624448507487574440,iri_wam_link_base,-0.0571861416888,-0.66525241909,0.34637635375,0.705133020878,0.708975315094,0.0114938719198,0.00305337412283
1624448507585456308,4082,1624448507585950240,iri_wam_link_base,-0.0489769269812,-0.660819126721,0.342364486976,0.705614745617,0.708180785179,0.0242403801531,-0.000412273337133
1624448507587127642,4083,1624448507587685872,iri_wam_link_base,-0.0487182916999,-0.660702110204,0.342268894546,0.705614626408,0.708171367645,0.024517333135,-0.000433526991401
1624448507686688429,4084,1624448507686082738,iri_wam_link_base,-0.0361122818521,-0.652352190138,0.337174741912,0.704748213291,0.708497166634,0.0363267809153,-0.00649087084457
1624448507687247392,4085,1624448507687792119,iri_wam_link_base,-0.0361122818521,-0.652352190138,0.337174741912,0.704748213291,0.708497166634,0.0363267809153,-0.00649087084457
1624448507786812581,4086,1624448507787343824,iri_wam_link_base,-0.0224996009278,-0.639926328554,0.333712119338,0.705399990082,0.707815468311,0.0345364809036,-0.0146737936884
1624448507787310857,4087,1624448507787901196,iri_wam_link_base,-0.0224996009278,-0.639926328554,0.333712119338,0.705399990082,0.707815468311,0.0345364809036,-0.0146737936884
1624448507886960088,4088,1624448507887480668,iri_wam_link_base,-0.0113639407556,-0.624834392605,0.329271727899,0.704923033714,0.708528161049,0.0285377800465,-0.0160293634981
1624448507887409409,4089,1624448507888003619,iri_wam_link_base,-0.0113639407556,-0.624834392605,0.329271727899,0.704923033714,0.708528161049,0.0285377800465,-0.0160293634981
1624448507987115913,4090,1624448507987617658,iri_wam_link_base,-0.00304496720458,-0.610644134787,0.321582261504,0.705207228661,0.708420813084,0.0267322529107,-0.0103957736865
1624448507988654467,4091,1624448507989073947,iri_wam_link_base,-0.00287665087254,-0.610378199308,0.321467406525,0.705142259598,0.708486139774,0.0267483964562,-0.0103091625497
1624448508087231321,4092,1624448508087751886,iri_wam_link_base,0.0047309245835,-0.600106140853,0.315156542382,0.704993784428,0.708582997322,0.0285356193781,-0.00892247073352
1624448508088747526,4093,1624448508089315281,iri_wam_link_base,0.00489492332782,-0.59993761801,0.315055658791,0.70500177145,0.708568930626,0.0287160705775,-0.00883047282696
1624448508187372015,4094,1624448508187889491,iri_wam_link_base,0.0139453923403,-0.591852903756,0.311427410582,0.704610347748,0.708943009377,0.0289607737213,-0.00923862867057
1624448508188882590,4095,1624448508189436501,iri_wam_link_base,0.01415731195,-0.591662902863,0.31138132414,0.704625964165,0.708925962448,0.0289726145566,-0.00931806210428
1624448508288438039,4096,1624448508288023063,iri_wam_link_base,0.0257904122764,-0.5819878784,0.307285230264,0.70500600338,0.708615541458,0.0271798856556,-0.00957967434078
1624448508288940842,4097,1624448508289539266,iri_wam_link_base,0.0260829379803,-0.581712237013,0.307162722088,0.704992711544,0.708626329899,0.0272168181837,-0.00965349841863
1624448508388651199,4098,1624448508389103218,iri_wam_link_base,0.0381261285729,-0.568185584221,0.300912366627,0.704701066017,0.709046781063,0.0232242234051,-0.010474441573
1624448508389045266,4099,1624448508389642098,iri_wam_link_base,0.0381261285729,-0.568185584221,0.300912366627,0.704701066017,0.709046781063,0.0232242234051,-0.010474441573
1624448508488794896,4100,1624448508489323525,iri_wam_link_base,0.0475284307025,-0.554964130105,0.295594652352,0.704727530479,0.709075033665,0.0224545877427,-0.00821367092431
1624448508489145918,4101,1624448508489746726,iri_wam_link_base,0.0475284307025,-0.554964130105,0.295594652352,0.704727530479,0.709075033665,0.0224545877427,-0.00821367092431
1624448508588979776,4102,1624448508589473380,iri_wam_link_base,0.0547817967847,-0.544491988242,0.289967372827,0.705494046211,0.708316206932,0.0234577413648,-0.00399815058336
1624448508589251050,4103,1624448508589847204,iri_wam_link_base,0.0547817967847,-0.544491988242,0.289967372827,0.705494046211,0.708316206932,0.0234577413648,-0.00399815058336
1624448508689158070,4104,1624448508689631739,iri_wam_link_base,0.0632432988096,-0.535464601095,0.284088063465,0.704493165016,0.709256052971,0.0252179764211,-0.00305114570074
1624448508689367501,4105,1624448508689955186,iri_wam_link_base,0.0632432988096,-0.535464601095,0.284088063465,0.704493165016,0.709256052971,0.0252179764211,-0.00305114570074
1624448508789244524,4106,1624448508789797958,iri_wam_link_base,0.0743749595504,-0.526790888301,0.27905186786,0.704501569271,0.709105908871,0.0285224281251,-0.00572828995064
1624448508789458930,4107,1624448508790060379,iri_wam_link_base,0.0743749595504,-0.526790888301,0.27905186786,0.704501569271,0.709105908871,0.0285224281251,-0.00572828995064
1624448508889432131,4108,1624448508889932379,iri_wam_link_base,0.0862523692045,-0.518053913041,0.274479458948,0.704125404358,0.709523439407,0.0268663726747,-0.00788850430399
1624448508890718159,4109,1624448508890163528,iri_wam_link_base,0.0864447937399,-0.517867558205,0.274370405988,0.704106628895,0.709542810917,0.0268151778728,-0.00798611156642
1624448508990480077,4110,1624448508990070639,iri_wam_link_base,0.0964561386807,-0.508496239629,0.269877975108,0.704434216022,0.709107518196,0.0288664456457,-0.0102822110057
1624448508990766702,4111,1624448508991357965,iri_wam_link_base,0.0966310111559,-0.508300208211,0.269772100004,0.704409658909,0.709125936031,0.0290149990469,-0.0102761965245
1624448509090702429,4112,1624448509091154361,iri_wam_link_base,0.106135356767,-0.498073643855,0.264861028458,0.704738676548,0.708864629269,0.028224196285,-0.0076022464782
1624448509090863161,4113,1624448509091471976,iri_wam_link_base,0.106135356767,-0.498073643855,0.264861028458,0.704738676548,0.708864629269,0.028224196285,-0.0076022464782
1624448509190929778,4114,1624448509191385127,iri_wam_link_base,0.115826533991,-0.486007691702,0.260090513357,0.705041468143,0.708683311939,0.0246938001364,-0.00864323135465
1624448509190966144,4115,1624448509191565510,iri_wam_link_base,0.115826533991,-0.486007691702,0.260090513357,0.705041468143,0.708683311939,0.0246938001364,-0.00864323135465
1624448509291004369,4116,1624448509291542497,iri_wam_link_base,0.126235064751,-0.473825938951,0.255998795565,0.704855978489,0.708953619003,0.0223640464246,-0.00791652034968
1624448509291097456,4117,1624448509291667794,iri_wam_link_base,0.126235064751,-0.473825938951,0.255998795565,0.704855978489,0.708953619003,0.0223640464246,-0.00791652034968
1624448509391131958,4118,1624448509391664050,iri_wam_link_base,0.135936604009,-0.463639168947,0.252005909707,0.704665839672,0.709158539772,0.0225036926568,-0.00581346638501
1624448509391266132,4119,1624448509391786735,iri_wam_link_base,0.135936604009,-0.463639168947,0.252005909707,0.704665839672,0.709158539772,0.0225036926568,-0.00581346638501
1624448509491287704,4120,1624448509491762247,iri_wam_link_base,0.143761414998,-0.455431092676,0.246028421288,0.705301702023,0.708565235138,0.0214792490005,-0.00484775332734
1624448509491342927,4121,1624448509491884882,iri_wam_link_base,0.143761414998,-0.455431092676,0.246028421288,0.705301702023,0.708565235138,0.0214792490005,-0.00484775332734
1624448509591704023,4122,1624448509591881962,iri_wam_link_base,0.145279762973,-0.447950994956,0.235120173424,0.705070674419,0.708921909332,0.0153788262978,-0.00827608443797
1624448509591849984,4123,1624448509592010519,iri_wam_link_base,0.145279762973,-0.447950994956,0.235120173424,0.705070674419,0.708921909332,0.0153788262978,-0.00827608443797
1624448509691560583,4124,1624448509691996602,iri_wam_link_base,0.144958084371,-0.441123952386,0.225264957704,0.706329703331,0.707687318325,0.0154230948538,-0.00625472981483
1624448509692574858,4125,1624448509692128037,iri_wam_link_base,0.144958084371,-0.441123952386,0.225264957704,0.706329703331,0.707687318325,0.0154230948538,-0.00625472981483
1624448509791621376,4126,1624448509792109488,iri_wam_link_base,0.14501894386,-0.435825136611,0.217674655755,0.704784274101,0.709253370762,0.0144030107185,-0.00559412501752
1624448509792795205,4127,1624448509792235782,iri_wam_link_base,0.145038751833,-0.435696681143,0.217531029691,0.704820036888,0.709212422371,0.0146118039265,-0.00573805999011
1624448509892859980,4128,1624448509892225877,iri_wam_link_base,0.145502921151,-0.430001244424,0.209133153772,0.704949855804,0.709113359451,0.0139011442661,-0.00327810831368
1624448509893628867,4129,1624448509893478177,iri_wam_link_base,0.145502921151,-0.430001244424,0.209133153772,0.705041050911,0.709025263786,0.0137783354148,-0.00322647648863
1624448509992964082,4130,1624448509993443185,iri_wam_link_base,0.146584308415,-0.424211325501,0.199844948096,0.704847931862,0.709266781807,0.00987640023232,-0.00569768436253
1624448509993032967,4131,1624448509993584846,iri_wam_link_base,0.146584308415,-0.424211325501,0.199844948096,0.704847931862,0.709266781807,0.00987640023232,-0.00569768436253
1624448510093113055,4132,1624448510093579780,iri_wam_link_base,0.148470098573,-0.41913826495,0.190790546899,0.704888701439,0.709204614162,0.0116250496358,-0.00506139127538
1624448510093201938,4133,1624448510093707803,iri_wam_link_base,0.148470098573,-0.41913826495,0.190790546899,0.704888701439,0.709204614162,0.0116250496358,-0.00506139127538
1624448510193212773,4134,1624448510193684011,iri_wam_link_base,0.148836596382,-0.414397644974,0.181476736024,0.705239534378,0.708820164204,0.0130043486133,-0.00648452108726
1624448510193299041,4135,1624448510193798598,iri_wam_link_base,0.148836596382,-0.414397644974,0.181476736024,0.705239534378,0.708820164204,0.0130043486133,-0.00648452108726
1624448510293370880,4136,1624448510293808492,iri_wam_link_base,0.14857657803,-0.409698734496,0.172276679422,0.705663204193,0.70833414793,0.015157324262,-0.00850971136242
1624448510293451403,4137,1624448510293938311,iri_wam_link_base,0.14857657803,-0.409698734496,0.172276679422,0.705663204193,0.70833414793,0.015157324262,-0.00850971136242
1624448510393486650,4138,1624448510393918764,iri_wam_link_base,0.148734154142,-0.404859646923,0.163349153779,0.705006837845,0.708953499794,0.0169248525053,-0.00799122639
1624448510393542435,4139,1624448510394044024,iri_wam_link_base,0.148734154142,-0.404859646923,0.163349153779,0.705006837845,0.708953499794,0.0169248525053,-0.00799122639
1624448510493569196,4140,1624448510494035089,iri_wam_link_base,0.148578783198,-0.401669978184,0.154731503762,0.704654037952,0.709390878677,0.0145014515147,-0.00412348657846
1624448510493614731,4141,1624448510494158346,iri_wam_link_base,0.148578783198,-0.401669978184,0.154731503762,0.704654037952,0.709390878677,0.0145014515147,-0.00412348657846
1624448510593654492,4142,1624448510594142375,iri_wam_link_base,0.149063641131,-0.405830451523,0.150606766101,0.705078244209,0.709071159363,0.00791669916362,0.00448211142793
1624448510594783365,4143,1624448510594270357,iri_wam_link_base,0.149063641131,-0.405830451523,0.150606766101,0.705078244209,0.709071159363,0.00791669916362,0.00448211142793
1624448510694900582,4144,1624448510694274927,iri_wam_link_base,0.148548773331,-0.414683822421,0.150235703766,0.705839276314,0.70825189352,0.00146306667011,0.0129611678421
1624448510695893350,4145,1624448510695502429,iri_wam_link_base,0.148548773331,-0.414683822421,0.150235703766,0.70589864254,0.708190321922,0.001331325504,0.0131078222767
1624448510795000337,4146,1624448510795475801,iri_wam_link_base,0.149494755334,-0.426987046572,0.153061634973,0.707644701004,0.706116378307,-0.00582097005099,0.0245920214802
1624448510795045788,4147,1624448510795614053,iri_wam_link_base,0.149494755334,-0.426987046572,0.153061634973,0.707644701004,0.706116378307,-0.00582097005099,0.0245920214802
1624448510895132670,4148,1624448510895620489,iri_wam_link_base,0.149378528964,-0.436137911408,0.154758773204,0.706966102123,0.706624209881,-0.0119504192844,0.0271725486964
1624448510895175650,4149,1624448510895742546,iri_wam_link_base,0.149378528964,-0.436137911408,0.154758773204,0.706966102123,0.706624209881,-0.0119504192844,0.0271725486964
1624448510995216320,4150,1624448510995711714,iri_wam_link_base,0.149118785185,-0.447173026709,0.15721480384,0.707194805145,0.706090092659,-0.0190753340721,0.0307969450951
1624448510995261120,4151,1624448510995832735,iri_wam_link_base,0.149118785185,-0.447173026709,0.15721480384,0.707194805145,0.706090092659,-0.0190753340721,0.0307969450951
1624448511095337788,4152,1624448511095838585,iri_wam_link_base,0.149698820739,-0.458021560223,0.161867973815,0.708062708378,0.705276846886,-0.02169264853,0.0275890789926
1624448511095415330,4153,1624448511095961415,iri_wam_link_base,0.149698820739,-0.458021560223,0.161867973815,0.708062708378,0.705276846886,-0.02169264853,0.0275890789926
1624448511195432882,4154,1624448511195931994,iri_wam_link_base,0.150416044518,-0.469524725423,0.167509567371,0.708920717239,0.704279720783,-0.0253326091915,0.0279240179807
1624448511195513909,4155,1624448511196057048,iri_wam_link_base,0.150416044518,-0.469524725423,0.167509567371,0.708920717239,0.704279720783,-0.0253326091915,0.0279240179807
1624448511295540736,4156,1624448511296061318,iri_wam_link_base,0.151404614342,-0.477916966784,0.172769062965,0.708558440208,0.704595267773,-0.0262715108693,0.0282880943269
1624448511295604136,4157,1624448511296184490,iri_wam_link_base,0.151404614342,-0.477916966784,0.172769062965,0.708558440208,0.704595267773,-0.0262715108693,0.0282880943269
1624448511395695380,4158,1624448511396177551,iri_wam_link_base,0.152334831487,-0.487441706739,0.179270982093,0.708843708038,0.704382538795,-0.0262453127652,0.0264004319906
1624448511396690905,4159,1624448511396301959,iri_wam_link_base,0.152334831487,-0.487441706739,0.179270982093,0.708843708038,0.704382538795,-0.0262453127652,0.0264004319906
1624448511496722256,4160,1624448511496284494,iri_wam_link_base,0.15339688495,-0.496836539118,0.187349670698,0.708831489086,0.704634845257,-0.0253954268992,0.0200696941465
1624448511496855884,4161,1624448511497376797,iri_wam_link_base,0.153396982341,-0.496918667454,0.187442567044,0.708771526814,0.704707324505,-0.0252915620804,0.0197684224695
1624448511596907852,4162,1624448511597382428,iri_wam_link_base,0.15311997613,-0.498746593407,0.188204215475,0.708925366402,0.704740583897,-0.0218412894756,0.0169865693897
1624448511596971190,4163,1624448511597563271,iri_wam_link_base,0.15311997613,-0.498746593407,0.188204215475,0.708925366402,0.704740583897,-0.0218412894756,0.0169865693897
1624448511697114519,4164,1624448511697577165,iri_wam_link_base,0.152383986232,-0.499257547178,0.187457643788,0.709030508995,0.704650938511,-0.0219713728875,0.0161258876324
1624448511697148698,4165,1624448511697702676,iri_wam_link_base,0.152383986232,-0.499257547178,0.187457643788,0.709030508995,0.704650938511,-0.0219713728875,0.0161258876324
1624448511797136084,4166,1624448511797658242,iri_wam_link_base,0.152353935747,-0.499318107691,0.187416703458,0.708915531635,0.704765677452,-0.02199585177,0.016133217141
1624448511797256441,4167,1624448511797796503,iri_wam_link_base,0.152353935747,-0.499318107691,0.187416703458,0.708915531635,0.704765677452,-0.02199585177,0.016133217141
1624448511897265160,4168,1624448511897796705,iri_wam_link_base,0.152284530273,-0.499321970218,0.187337605545,0.708851337433,0.70483726263,-0.0219284407794,0.0159163735807
1624448511897351491,4169,1624448511897923650,iri_wam_link_base,0.152284530273,-0.499321970218,0.187337605545,0.708851337433,0.70483726263,-0.0219284407794,0.0159163735807
1624448511997401638,4170,1624448511997894860,iri_wam_link_base,0.152274211216,-0.49933530266,0.187322809505,0.708814740181,0.704873621464,-0.0219244509935,0.0159418415278
1624448511997458018,4171,1624448511998017518,iri_wam_link_base,0.152274211216,-0.49933530266,0.187322809505,0.708814740181,0.704873621464,-0.0219244509935,0.0159418415278
1624448512097498935,4172,1624448512098021784,iri_wam_link_base,0.152197817929,-0.499375982433,0.187276446016,0.708775639534,0.704913556576,-0.0219535976648,0.0158727616072
1624448512097570286,4173,1624448512098139927,iri_wam_link_base,0.152197817929,-0.499375982433,0.187276446016,0.708775639534,0.704913556576,-0.0219535976648,0.0158727616072
1624448512197732569,4174,1624448512198115431,iri_wam_link_base,0.152247723457,-0.499354436867,0.187264075524,0.708709776402,0.704984247684,-0.0218492560089,0.0158199332654
1624448512197789541,4175,1624448512198252341,iri_wam_link_base,0.152247723457,-0.499354436867,0.187264075524,0.708709776402,0.704984247684,-0.0218492560089,0.0158199332654
1624448512297824896,4176,1624448512298244957,iri_wam_link_base,0.152178667137,-0.499371716459,0.18724714139,0.708766341209,0.704929888248,-0.021844400093,0.0157150067389
1624448512298873898,4177,1624448512298373198,iri_wam_link_base,0.152178667137,-0.499371716459,0.18724714139,0.708766341209,0.704929888248,-0.021844400093,0.0157150067389
1624448512398793003,4178,1624448512398348948,iri_wam_link_base,0.152187891266,-0.499362966233,0.187231456912,0.708788573742,0.704912245274,-0.0217352155596,0.0156543366611
1624448512398922029,4179,1624448512399445388,iri_wam_link_base,0.15218832802,-0.499357459435,0.187231161976,0.708812534809,0.704889893532,-0.0217002425343,0.0156254898757
1624448512498978384,4180,1624448512499417620,iri_wam_link_base,0.152189642174,-0.499340938262,0.187230280111,0.708848059177,0.704859256744,-0.0215961039066,0.0155378384516
1624448512499044532,4181,1624448512499633479,iri_wam_link_base,0.152189642174,-0.499340938262,0.187230280111,0.708848059177,0.704859256744,-0.0215961039066,0.0155378384516
1624448512599211783,4182,1624448512599615301,iri_wam_link_base,0.152142203107,-0.499361213737,0.187200133129,0.708876490593,0.704833090305,-0.0215671416372,0.0154720060527
1624448512599306585,4183,1624448512599787872,iri_wam_link_base,0.152142203107,-0.499361213737,0.187200133129,0.708876490593,0.704833090305,-0.0215671416372,0.0154720060527
1624448512699257342,4184,1624448512699730156,iri_wam_link_base,0.152167805068,-0.499367057381,0.187218180352,0.708840250969,0.704871475697,-0.021517328918,0.01545060426
1624448512699307352,4185,1624448512699878337,iri_wam_link_base,0.152167805068,-0.499367057381,0.187218180352,0.708840250969,0.704871475697,-0.021517328918,0.01545060426
1624448512799372137,4186,1624448512799862348,iri_wam_link_base,0.152167594198,-0.499325827014,0.187198514672,0.708884000778,0.704834878445,-0.0213519725949,0.015340465121
1624448512799434349,4187,1624448512799987622,iri_wam_link_base,0.152167594198,-0.499325827014,0.187198514672,0.708884000778,0.704834878445,-0.0213519725949,0.015340465121
1624448512899566882,4188,1624448512899998413,iri_wam_link_base,0.152168730142,-0.49924266037,0.187196232913,0.709219157696,0.704531431198,-0.0206413436681,0.0147503409535
1624448512899637363,4189,1624448512900160974,iri_wam_link_base,0.152168730142,-0.49924266037,0.187196232913,0.709219157696,0.704531431198,-0.0206413436681,0.0147503409535
1624448512999607189,4190,1624448513000091233,iri_wam_link_base,0.152169512689,-0.499080555845,0.187187910678,0.708905100822,0.704895913601,-0.0195666365325,0.0138728963211
1624448512999655498,4191,1624448513000258761,iri_wam_link_base,0.152169512689,-0.499080555845,0.187187910678,0.708905100822,0.704895913601,-0.0195666365325,0.0138728963211
1624448513099767600,4192,1624448513100224041,iri_wam_link_base,0.152158600818,-0.499089706333,0.187157803437,0.708799064159,0.705004632473,-0.0195389091969,0.0138051044196
1624448513099825830,4193,1624448513100349859,iri_wam_link_base,0.152158600818,-0.499089706333,0.187157803437,0.708799064159,0.705004632473,-0.0195389091969,0.0138051044196
1624448513199842155,4194,1624448513200355883,iri_wam_link_base,0.152156622259,-0.4990686092,0.187171934356,0.708724319935,0.705084085464,-0.0194339416921,0.0137323299423
1624448513201032158,4195,1624448513200478747,iri_wam_link_base,0.152156622259,-0.4990686092,0.187171934356,0.708724319935,0.705084085464,-0.0194339416921,0.0137323299423
1624448513301194691,4196,1624448513300451542,iri_wam_link_base,0.152142945117,-0.499073370581,0.187170356693,0.708666682243,0.705141782761,-0.0194542873651,0.0137183303013
1624448513301202042,4197,1624448513301674937,iri_wam_link_base,0.152160041167,-0.499073162577,0.187157013399,0.708652973175,0.705156087875,-0.019437532872,0.0137129807845
1624448513401186961,4198,1624448513401661770,iri_wam_link_base,0.152162939339,-0.499040071756,0.187155446659,0.708686709404,0.705131292343,-0.0192282907665,0.0135378399864
1624448513402070826,4199,1624448513401804105,iri_wam_link_base,0.152162939339,-0.499040071756,0.187155446659,0.708686709404,0.705131292343,-0.0192282907665,0.0135378399864
1624448513501300053,4200,1624448513501789835,iri_wam_link_base,0.15215018799,-0.499037827209,0.187155041002,0.70873272419,0.705087423325,-0.01915082708,0.013524630107
1624448513501397631,4201,1624448513501907246,iri_wam_link_base,0.15215018799,-0.499037827209,0.187155041002,0.70873272419,0.705087423325,-0.01915082708,0.013524630107
1624448513601420932,4202,1624448513601902030,iri_wam_link_base,0.152156047874,-0.499014800744,0.187138833036,0.708743691444,0.705084204674,-0.0189788397402,0.0133609445766
1624448513602292192,4203,1624448513602031443,iri_wam_link_base,0.152156047874,-0.499014800744,0.187138833036,0.708743691444,0.705084204674,-0.0189788397402,0.0133609445766
1624448513701520841,4204,1624448513702005044,iri_wam_link_base,0.152140773643,-0.498987258583,0.187137303981,0.708753883839,0.705082833767,-0.0187702104449,0.0131847122684
1624448513702434503,4205,1624448513702148766,iri_wam_link_base,0.152140773643,-0.498987258583,0.187137303981,0.708753883839,0.705082833767,-0.0187702104449,0.0131847122684
1624448513801638251,4206,1624448513802125992,iri_wam_link_base,0.152143886738,-0.498959841578,0.187149634181,0.708740770817,0.705101311207,-0.018647601828,0.0130729069933
1624448513802600035,4207,1624448513802264822,iri_wam_link_base,0.152143886738,-0.498959841578,0.187149634181,0.708740770817,0.705101311207,-0.018647601828,0.0130729069933
1624448513901745172,4208,1624448513902247111,iri_wam_link_base,0.152133578443,-0.498920289858,0.187132473209,0.708822846413,0.705032169819,-0.0183349270374,0.0127936154604
1624448513901798872,4209,1624448513902369715,iri_wam_link_base,0.152133578443,-0.498920289858,0.187132473209,0.708822846413,0.705032169819,-0.0183349270374,0.0127936154604
1624448514001969305,4210,1624448514002367822,iri_wam_link_base,0.152156682788,-0.498906760256,0.187118502468,0.708684682846,0.705175220966,-0.0182082559913,0.0127422194928
1624448514003332303,4211,1624448514002514658,iri_wam_link_base,0.152156682788,-0.498906760256,0.187118502468,0.708684682846,0.705175220966,-0.0182082559913,0.0127422194928
1624448514103027722,4212,1624448514102467076,iri_wam_link_base,0.15214238524,-0.498911350285,0.187103340026,0.708649873734,0.705211877823,-0.0181766375899,0.0126940459013
1624448514103375187,4213,1624448514103959341,iri_wam_link_base,0.152107074302,-0.498917114653,0.187116678393,0.708676457405,0.7051846385,-0.0181936062872,0.0126990871504
1624448514203229399,4214,1624448514203559758,iri_wam_link_base,0.152123658186,-0.498922425349,0.187103585256,0.708602845669,0.705257713795,-0.0182128623128,0.012721397914
1624448514203478006,4215,1624448514204056728,iri_wam_link_base,0.152123658186,-0.498922425349,0.187103585256,0.708602845669,0.705257713795,-0.0182128623128,0.012721397914
1624448514303341390,4216,1624448514303777280,iri_wam_link_base,0.152125682213,-0.498900350051,0.187102607313,0.708697378635,0.705168426037,-0.018071481958,0.0126069327816
1624448514303732327,4217,1624448514304152930,iri_wam_link_base,0.152125682213,-0.498900350051,0.187102607313,0.708697378635,0.705168426037,-0.018071481958,0.0126069327816
1624448514403401594,4218,1624448514403911771,iri_wam_link_base,0.152132221482,-0.498881509785,0.187101741676,0.708596467972,0.705274820328,-0.0179260615259,0.0125324614346
1624448514403648104,4219,1624448514404250776,iri_wam_link_base,0.152132221482,-0.498881509785,0.187101741676,0.708596467972,0.705274820328,-0.0179260615259,0.0125324614346
1624448514503538046,4220,1624448514504045466,iri_wam_link_base,0.152131711848,-0.498887029086,0.187101983685,0.708536624908,0.705333590508,-0.0179620739073,0.0125601403415
1624448514503753946,4221,1624448514504349207,iri_wam_link_base,0.152131711848,-0.498887029086,0.187101983685,0.708536624908,0.705333590508,-0.0179620739073,0.0125601403415
