%time,field.header.seq,field.header.stamp,field.header.frame_id,field.name0,field.name1,field.name2,field.name3,field.name4,field.name5,field.name6,field.position0,field.position1,field.position2,field.position3,field.position4,field.position5,field.position6,field.velocity0,field.velocity1,field.velocity2,field.velocity3,field.velocity4,field.velocity5,field.velocity6,field.effort0,field.effort1,field.effort2,field.effort3,field.effort4,field.effort5,field.effort6
1624448682104330380,7562,1624448682104840542,,iri_wam_joint_1,iri_wam_joint_2,iri_wam_joint_3,iri_wam_joint_4,iri_wam_joint_5,iri_wam_joint_6,iri_wam_joint_7,-1.36984484358,0.161597409726,-0.237912752806,2.01820738993,0.0325773239489,0.977794145515,-0.0535300730401,0.0,-0.0135808924587,-0.022815867025,0.04262891244,0.0,0.0,0.0,-0.217914328246,-12.2718212974,-0.517558426626,-5.47923785229,0.0801445222421,-0.21606396132,0.00912022576429
1624448682106516341,7563,1624448682106917533,,iri_wam_joint_1,iri_wam_joint_2,iri_wam_joint_3,iri_wam_joint_4,iri_wam_joint_5,iri_wam_joint_6,iri_wam_joint_7,-1.36984484358,0.161624559828,-0.237867140698,2.01812216877,0.0325773239489,0.977794145515,-0.0534273281782,0.0,0.013556640865,0.0227751244053,-0.0425527893821,0.0,0.0,0.051302760139,-0.255688217442,-12.2878633042,-0.549776420261,-5.41929969607,0.073627304086,-0.193502039244,0.00742869515576
1624448682204566190,7564,1624448682204988772,,iri_wam_joint_1,iri_wam_joint_2,iri_wam_joint_3,iri_wam_joint_4,iri_wam_joint_5,iri_wam_joint_6,iri_wam_joint_7,-1.36984484358,0.161597409726,-0.237912752806,2.01820738993,0.0325773239489,0.977794145515,-0.0534273281782,0.0,-0.0175301390496,-0.0294505919034,0.0550251586837,0.0,0.0,0.0,-0.216373280441,-12.2718153026,-0.516035784028,-5.47928804348,0.079276246442,-0.216072687604,0.00757917945306
1624448682207502644,7565,1624448682207033114,,iri_wam_joint_1,iri_wam_joint_2,iri_wam_joint_3,iri_wam_joint_4,iri_wam_joint_5,iri_wam_joint_6,iri_wam_joint_7,-1.36984484358,0.161624559828,-0.237867140698,2.01820738993,0.0324982527743,0.977715074341,-0.0534273281782,0.0,0.013576035201,0.0228077068437,0.0,-0.039538453034,-0.039538453034,0.0,-0.267718976839,-12.3054225365,-0.561588712264,-5.44585848706,0.0913953463157,-0.196430373887,0.0248671954947
1624448682305638266,7566,1624448682306187058,,iri_wam_joint_1,iri_wam_joint_2,iri_wam_joint_3,iri_wam_joint_4,iri_wam_joint_5,iri_wam_joint_6,iri_wam_joint_7,-1.36984484358,0.161624559828,-0.237867140698,2.01820738993,0.0324982527743,0.977715074341,-0.0534273281782,0.0,0.0,0.0,0.0426136660478,0.0,0.0,0.0,-0.24340166314,-12.3029059384,-0.5407169538,-5.48446279062,0.0811133464438,-0.216737847784,0.014199020957
1624448682307791474,7567,1624448682308225683,,iri_wam_joint_1,iri_wam_joint_2,iri_wam_joint_3,iri_wam_joint_4,iri_wam_joint_5,iri_wam_joint_6,iri_wam_joint_7,-1.36984484358,0.161624559828,-0.237867140698,2.01820738993,0.0325773239489,0.977794145515,-0.0534273281782,0.0,0.0,0.0,0.0,0.0394350230736,0.0394350230736,0.0,-0.243188945511,-12.2885428348,-0.540715882877,-5.46426525523,0.0700429370253,-0.215638528122,0.00865620901029
1624448682406938440,7568,1624448682406331233,,iri_wam_joint_1,iri_wam_joint_2,iri_wam_joint_3,iri_wam_joint_4,iri_wam_joint_5,iri_wam_joint_6,iri_wam_joint_7,-1.36984484358,0.161624559828,-0.237867140698,2.01820738993,0.0324982527743,0.977715074341,-0.0534273281782,0.0,0.0,0.0,0.0,0.0,0.0,0.0,-0.244052673425,-12.2844992346,-0.540666072262,-5.45129821449,0.0809991015488,-0.204422938066,0.0144658105502
1624448682408770950,7569,1624448682408348734,,iri_wam_joint_1,iri_wam_joint_2,iri_wam_joint_3,iri_wam_joint_4,iri_wam_joint_5,iri_wam_joint_6,iri_wam_joint_7,-1.36984484358,0.161624559828,-0.237867140698,2.01820738993,0.0324982527743,0.977715074341,-0.0534273281782,0.0,0.0,0.0,0.0,0.0,0.0,0.0,-0.244052673425,-12.2844992346,-0.540666072262,-5.45129821449,0.0809991015488,-0.204422938066,0.0144658105502
1624448682506027932,7570,1624448682506461716,,iri_wam_joint_1,iri_wam_joint_2,iri_wam_joint_3,iri_wam_joint_4,iri_wam_joint_5,iri_wam_joint_6,iri_wam_joint_7,-1.36984484358,0.161597409726,-0.237912752806,2.01820738993,0.0324982527743,0.977715074341,-0.0534273281782,0.0,-0.0135695642596,-0.0227968356774,0.0,0.0,0.0,0.0,-0.216696666763,-12.2532830117,-0.515632354828,-5.44445557389,0.0804436064892,-0.202437764678,0.00852138707426
1624448682507874694,7571,1624448682508456070,,iri_wam_joint_1,iri_wam_joint_2,iri_wam_joint_3,iri_wam_joint_4,iri_wam_joint_5,iri_wam_joint_6,iri_wam_joint_7,-1.36984484358,0.161597409726,-0.237912752806,2.01812216877,0.0324191815996,0.977636003166,-0.0534273281782,0.0,0.0,0.0,-0.0425578557935,-0.0394866703238,-0.0394866703238,0.0,-0.24080520997,-12.2525696262,-0.536148073139,-5.39749723293,0.091982296914,-0.178979606876,0.0199065299832
1624448682606133594,7572,1624448682606591845,,iri_wam_joint_1,iri_wam_joint_2,iri_wam_joint_3,iri_wam_joint_4,iri_wam_joint_5,iri_wam_joint_6,iri_wam_joint_7,-1.36984484358,0.161624559828,-0.237867140698,2.01812216877,0.0324982527743,0.977715074341,-0.0535300730401,0.0,0.0135744168872,0.0228049880802,-0.0426085863404,0.0,0.0,-0.0513700304169,-0.280775152982,-12.2879340273,-0.574560471024,-5.41693669733,0.0891215094939,-0.192171923653,0.0335199789779
1624448682607978734,7573,1624448682608563669,,iri_wam_joint_1,iri_wam_joint_2,iri_wam_joint_3,iri_wam_joint_4,iri_wam_joint_5,iri_wam_joint_6,iri_wam_joint_7,-1.36984484358,0.161597409726,-0.237912752806,2.01812216877,0.0324191815996,0.977636003166,-0.0535300730401,0.0,-0.0135518009361,-0.0227669933363,0.0,-0.0394678738604,-0.0394678738604,0.0,-0.219217835447,-12.2461398572,-0.517099110089,-5.42475121872,0.0922426887107,-0.189384037692,0.0159141441963
1624448682706195403,7574,1624448682706727147,,iri_wam_joint_1,iri_wam_joint_2,iri_wam_joint_3,iri_wam_joint_4,iri_wam_joint_5,iri_wam_joint_6,iri_wam_joint_7,-1.36984484358,0.161624559828,-0.237867140698,2.01820738993,0.0326563951235,0.977715074341,-0.0534273281782,0.0,0.0135711814166,0.0227995524973,0.0,0.0790486340243,0.0,0.0,-0.26438566105,-12.3071077006,-0.560545321738,-5.45690008454,0.0598068509382,-0.206323559549,0.00812609692742
1624448682708228332,7575,1624448682708670129,,iri_wam_joint_1,iri_wam_joint_2,iri_wam_joint_3,iri_wam_joint_4,iri_wam_joint_5,iri_wam_joint_6,iri_wam_joint_7,-1.36984484358,0.161624559828,-0.237867140698,2.01820738993,0.0326563951235,0.977715074341,-0.0534273281782,0.0,0.0,0.0,0.0,0.0,0.0,0.0,-0.244601530218,-12.2844369346,-0.541252579996,-5.45125125671,0.0784323776732,-0.204420738656,0.0131292766191
1624448682806375471,7576,1624448682806862247,,iri_wam_joint_1,iri_wam_joint_2,iri_wam_joint_3,iri_wam_joint_4,iri_wam_joint_5,iri_wam_joint_6,iri_wam_joint_7,-1.36984484358,0.161597409726,-0.237912752806,2.01820738993,0.0325773239489,0.977794145515,-0.0534273281782,0.0,0.0,0.0,0.0426136660478,0.0,0.0,0.0,-0.238848773736,-12.2966559734,-0.536656553592,-5.48514746831,0.0799980083357,-0.217975316056,0.0128458374654
1624448682808409248,7577,1624448682808775438,,iri_wam_joint_1,iri_wam_joint_2,iri_wam_joint_3,iri_wam_joint_4,iri_wam_joint_5,iri_wam_joint_6,iri_wam_joint_7,-1.36984484358,0.161624559828,-0.237867140698,2.01820738993,0.0324982527743,0.977715074341,-0.0534273281782,0.0,0.0135518009361,0.0227669933363,0.0,-0.0394678738604,-0.0394678738604,0.0,-0.267718976839,-12.3054225365,-0.561588712264,-5.44585848706,0.0913953463157,-0.196430373887,0.0248671954947
1624448682906565522,7578,1624448682906999738,,iri_wam_joint_1,iri_wam_joint_2,iri_wam_joint_3,iri_wam_joint_4,iri_wam_joint_5,iri_wam_joint_6,iri_wam_joint_7,-1.36984484358,0.161624559828,-0.237867140698,2.01820738993,0.0325773239489,0.977794145515,-0.0534273281782,0.0,0.013572798959,0.0228022699648,0.0,-0.0395290278962,0.0395290278962,0.0513639076481,-0.256419358035,-12.315456474,-0.550857290237,-5.47065683326,0.0834405886154,-0.217541665822,0.0122541287549
1624448682908335286,7579,1624448682908882581,,iri_wam_joint_1,iri_wam_joint_2,iri_wam_joint_3,iri_wam_joint_4,iri_wam_joint_5,iri_wam_joint_6,iri_wam_joint_7,-1.36984484358,0.161597409726,-0.237912752806,2.01820738993,0.0324982527743,0.977715074341,-0.0534273281782,0.0,-0.0135598694054,-0.0227805483454,0.0,-0.0394913722373,-0.0394913722373,0.0,-0.217888160058,-12.2493666739,-0.515935382762,-5.43315661964,0.0901173101692,-0.192542617175,0.0136561125226
1624448683007796353,7580,1624448683008196616,,iri_wam_joint_1,iri_wam_joint_2,iri_wam_joint_3,iri_wam_joint_4,iri_wam_joint_5,iri_wam_joint_6,iri_wam_joint_7,-1.36984484358,0.161597409726,-0.237912752806,2.01820738993,0.0325773239489,0.977794145515,-0.0535300730401,0.0,-0.013576035201,-0.0228077068437,0.0,0.0,0.0,0.0,-0.218565853885,-12.2534164025,-0.517508070773,-5.44607382172,0.0800297133466,-0.203749273973,0.0093876770208
1624448683008437079,7581,1624448683008991845,,iri_wam_joint_1,iri_wam_joint_2,iri_wam_joint_3,iri_wam_joint_4,iri_wam_joint_5,iri_wam_joint_6,iri_wam_joint_7,-1.36984484358,0.161597409726,-0.237912752806,2.01820738993,0.0325773239489,0.977794145515,-0.0535300730401,0.0,-0.013576035201,-0.0228077068437,0.0,0.0,0.0,0.0,-0.218565853885,-12.2534164025,-0.517508070773,-5.44607382172,0.0800297133466,-0.203749273973,0.0093876770208
1624448683107916617,7582,1624448683108348998,,iri_wam_joint_1,iri_wam_joint_2,iri_wam_joint_3,iri_wam_joint_4,iri_wam_joint_5,iri_wam_joint_6,iri_wam_joint_7,-1.36984484358,0.161624559828,-0.237867140698,2.01820738993,0.0325773239489,0.977794145515,-0.0534273281782,0.0,0.0,0.0,0.0,0.0,0.0,0.0,-0.244380251692,-12.2846261617,-0.541018590003,-5.45296648283,0.0797168394549,-0.205743553428,0.013790828325
1624448683109570969,7583,1624448683109101764,,iri_wam_joint_1,iri_wam_joint_2,iri_wam_joint_3,iri_wam_joint_4,iri_wam_joint_5,iri_wam_joint_6,iri_wam_joint_7,-1.36984484358,0.161624559828,-0.237867140698,2.01820738993,0.0325773239489,0.977794145515,-0.0534273281782,0.0,0.0,0.0,0.0,0.0,0.0,0.0,-0.244380251692,-12.2846261617,-0.541018590003,-5.45296648283,0.0797168394549,-0.205743553428,0.013790828325
1624448683207995900,7584,1624448683208482788,,iri_wam_joint_1,iri_wam_joint_2,iri_wam_joint_3,iri_wam_joint_4,iri_wam_joint_5,iri_wam_joint_6,iri_wam_joint_7,-1.36984484358,0.161624559828,-0.237867140698,2.01812216877,0.0326563951235,0.977715074341,-0.0534273281782,0.0,0.013567947488,0.0227941195049,-0.0425882796151,0.0,0.0,0.0,-0.267846163975,-12.2877688476,-0.56181737803,-5.41726170244,0.0790138733551,-0.192179544615,0.0187054842614
1624448683209763950,7585,1624448683210298746,,iri_wam_joint_1,iri_wam_joint_2,iri_wam_joint_3,iri_wam_joint_4,iri_wam_joint_5,iri_wam_joint_6,iri_wam_joint_7,-1.36984484358,0.161624559828,-0.237867140698,2.01820738993,0.0326563951235,0.977715074341,-0.0534273281782,0.0,0.0,0.0,0.042537597383,0.0,0.0,0.0,-0.243950840946,-12.302843782,-0.541303708965,-5.4844158323,0.0785471783072,-0.216735582461,0.0128611892401
1624448683308108842,7586,1624448683308619862,,iri_wam_joint_1,iri_wam_joint_2,iri_wam_joint_3,iri_wam_joint_4,iri_wam_joint_5,iri_wam_joint_6,iri_wam_joint_7,-1.36984484358,0.161597409726,-0.237912752806,2.01820738993,0.0324982527743,0.977715074341,-0.0534273281782,0.0,-0.0135647151002,-0.0227886891012,0.0425781335091,-0.0395054846991,-0.0395054846991,0.051333315684,-0.205299721587,-12.2676758995,-0.504178520966,-5.46664297583,0.083559627546,-0.204857998051,0.00145111872128
1624448683309862814,7587,1624448683310427617,,iri_wam_joint_1,iri_wam_joint_2,iri_wam_joint_3,iri_wam_joint_4,iri_wam_joint_5,iri_wam_joint_6,iri_wam_joint_7,-1.36984484358,0.161624559828,-0.237867140698,2.01820738993,0.0325773239489,0.977794145515,-0.0534273281782,0.0,0.0135598694054,0.0227805483454,0.0,0.0394913722373,0.0394913722373,0.0,-0.265664056674,-12.3133825553,-0.561335961438,-5.4701238187,0.0707648303781,-0.217540875772,0.0139229746469
1624448683408247512,7588,1624448683408760684,,iri_wam_joint_1,iri_wam_joint_2,iri_wam_joint_3,iri_wam_joint_4,iri_wam_joint_5,iri_wam_joint_6,iri_wam_joint_7,-1.36984484358,0.161624559828,-0.237867140698,2.01812216877,0.0326563951235,0.977715074341,-0.0534273281782,0.0,0.0135744168872,0.0228049880802,-0.0426085863404,0.0395337399033,0.0395337399033,0.0,-0.266656345773,-12.2916855194,-0.561516221129,-5.42855999257,0.0693398099251,-0.202074306453,0.0135700371111
1624448683409975582,7589,1624448683410540042,,iri_wam_joint_1,iri_wam_joint_2,iri_wam_joint_3,iri_wam_joint_4,iri_wam_joint_5,iri_wam_joint_6,iri_wam_joint_7,-1.36984484358,0.161597409726,-0.237912752806,2.01820738993,0.0325773239489,0.977794145515,-0.0534273281782,0.0,-0.013567947488,-0.0227941195049,0.0425882796151,-0.0395148986118,0.0395148986118,0.0,-0.217873316803,-12.2779012757,-0.517060896288,-5.49079641371,0.0889503617477,-0.225967449348,0.0127135857647
1624448683508437561,7590,1624448683508907658,,iri_wam_joint_1,iri_wam_joint_2,iri_wam_joint_3,iri_wam_joint_4,iri_wam_joint_5,iri_wam_joint_6,iri_wam_joint_7,-1.36984484358,0.161597409726,-0.237912752806,2.01820738993,0.0324982527743,0.977715074341,-0.0535300730401,0.0,0.0,0.0,0.0,0.0,0.0,-0.0514067977058,-0.252649424246,-12.2782254614,-0.549582328978,-5.44994332934,0.0887063284581,-0.204331341515,0.0272671793361
1624448683510098362,7591,1624448683510648948,,iri_wam_joint_1,iri_wam_joint_2,iri_wam_joint_3,iri_wam_joint_4,iri_wam_joint_5,iri_wam_joint_6,iri_wam_joint_7,-1.36984484358,0.161597409726,-0.237912752806,2.01820738993,0.0324982527743,0.977715074341,-0.0535300730401,0.0,0.0,0.0,0.0,0.0,0.0,0.0,-0.240713018606,-12.2781291283,-0.537775603169,-5.45026497794,0.0820340271707,-0.204331341558,0.0153293051878
1624448683608631054,7592,1624448683609042335,,iri_wam_joint_1,iri_wam_joint_2,iri_wam_joint_3,iri_wam_joint_4,iri_wam_joint_5,iri_wam_joint_6,iri_wam_joint_7,-1.36984484358,0.161624559828,-0.237867140698,2.01820738993,0.0324982527743,0.977715074341,-0.0534273281782,0.0,0.0135695642596,0.0227968356774,0.0425933544816,0.0,0.0,0.0,-0.26587765271,-12.3277470277,-0.56133785982,-5.49032165231,0.0818352086713,-0.218639947799,0.019465891221
1624448683610216280,7593,1624448683610762397,,iri_wam_joint_1,iri_wam_joint_2,iri_wam_joint_3,iri_wam_joint_4,iri_wam_joint_5,iri_wam_joint_6,iri_wam_joint_7,-1.36984484358,0.161597409726,-0.237912752806,2.01820738993,0.0324982527743,0.977715074341,-0.0534273281782,0.0,-0.0135776539008,-0.0228104262555,0.0,0.0,0.0,0.0,-0.216696666763,-12.2532830117,-0.515632354828,-5.44445557389,0.0804436064892,-0.202437764678,0.00852138707426
1624448683709761530,7594,1624448683710260634,,iri_wam_joint_1,iri_wam_joint_2,iri_wam_joint_3,iri_wam_joint_4,iri_wam_joint_5,iri_wam_joint_6,iri_wam_joint_7,-1.36984484358,0.161624559828,-0.237867140698,2.01820738993,0.0325773239489,0.977794145515,-0.0534273281782,0.0,0.0135954851082,0.0228403826414,0.0,-2.7797354782e-14,0.0791901967643,0.0514497594517,-0.255228346022,-12.3193729867,-0.550554960009,-5.48195502111,0.0737660960873,-0.227436024357,0.00711961563427
1624448683710302046,7595,1624448683710874805,,iri_wam_joint_1,iri_wam_joint_2,iri_wam_joint_3,iri_wam_joint_4,iri_wam_joint_5,iri_wam_joint_6,iri_wam_joint_7,-1.36984484358,0.161624559828,-0.237867140698,2.01820738993,0.0325773239489,0.977794145515,-0.0534273281782,0.0,0.0135954851082,0.0228403826414,0.0,-2.7797354782e-14,0.0791901967643,0.0514497594517,-0.255228346022,-12.3193729867,-0.550554960009,-5.48195502111,0.0737660960873,-0.227436024357,0.00711961563427
1624448683809963378,7596,1624448683810416559,,iri_wam_joint_1,iri_wam_joint_2,iri_wam_joint_3,iri_wam_joint_4,iri_wam_joint_5,iri_wam_joint_6,iri_wam_joint_7,-1.36984484358,0.161597409726,-0.237912752806,2.01820738993,0.0324982527743,0.977715074341,-0.0534273281782,0.0,-0.0135744168872,-0.0228049880802,0.0,-0.0395337399033,-0.0395337399033,0.0,-0.217888160058,-12.2493666739,-0.515935382762,-5.43315661964,0.0901173101692,-0.192542617175,0.0136561125226
1624448683810536077,7597,1624448683810989453,,iri_wam_joint_1,iri_wam_joint_2,iri_wam_joint_3,iri_wam_joint_4,iri_wam_joint_5,iri_wam_joint_6,iri_wam_joint_7,-1.36984484358,0.161597409726,-0.237912752806,2.01820738993,0.0324982527743,0.977715074341,-0.0534273281782,0.0,-0.0135744168872,-0.0228049880802,0.0,-0.0395337399033,-0.0395337399033,0.0,-0.217888160058,-12.2493666739,-0.515935382762,-5.43315661964,0.0901173101692,-0.192542617175,0.0136561125226
1624448683910026215,7598,1624448683910558937,,iri_wam_joint_1,iri_wam_joint_2,iri_wam_joint_3,iri_wam_joint_4,iri_wam_joint_5,iri_wam_joint_6,iri_wam_joint_7,-1.36984484358,0.161624559828,-0.237867140698,2.01820738993,0.0325773239489,0.977794145515,-0.0534273281782,0.0,0.0,0.0,0.0,0.0,0.0,0.0,-0.244380251692,-12.2846261617,-0.541018590003,-5.45296648283,0.0797168394549,-0.205743553428,0.013790828325
1624448683910520052,7599,1624448683911098601,,iri_wam_joint_1,iri_wam_joint_2,iri_wam_joint_3,iri_wam_joint_4,iri_wam_joint_5,iri_wam_joint_6,iri_wam_joint_7,-1.36984484358,0.161624559828,-0.237867140698,2.01820738993,0.0325773239489,0.977794145515,-0.0534273281782,0.0,0.0,0.0,0.0,0.0,0.0,0.0,-0.244380251692,-12.2846261617,-0.541018590003,-5.45296648283,0.0797168394549,-0.205743553428,0.013790828325
1624448684010158856,7600,1624448684010693727,,iri_wam_joint_1,iri_wam_joint_2,iri_wam_joint_3,iri_wam_joint_4,iri_wam_joint_5,iri_wam_joint_6,iri_wam_joint_7,-1.36984484358,0.161624559828,-0.237867140698,2.01820738993,0.0325773239489,0.977794145515,-0.0534273281782,0.0,0.0,0.0,0.0426085863404,-0.0395337399033,0.0395337399033,0.0,-0.245229700944,-12.3091182804,-0.542094819596,-5.49763922076,0.0895052835058,-0.227953115458,0.0186576775872
1624448684012140762,7601,1624448684012610968,,iri_wam_joint_1,iri_wam_joint_2,iri_wam_joint_3,iri_wam_joint_4,iri_wam_joint_5,iri_wam_joint_6,iri_wam_joint_7,-1.36984484358,0.161624559828,-0.237867140698,2.01820738993,0.0326563951235,0.977715074341,-0.0534273281782,0.0,0.0,0.0,0.0,0.0394772698547,-0.0394772698546,0.0,-0.243100929994,-12.2783513809,-0.540227010903,-5.43974281904,0.0687584752247,-0.19452578995,0.00799465727143
1624448684110378099,7602,1624448684110864267,,iri_wam_joint_1,iri_wam_joint_2,iri_wam_joint_3,iri_wam_joint_4,iri_wam_joint_5,iri_wam_joint_6,iri_wam_joint_7,-1.36984484358,0.161624559828,-0.237867140698,2.01820738993,0.0325773239489,0.977636003166,-0.0534273281782,0.0,0.0,0.0,0.0,2.78106358879e-14,-0.0792280325009,0.0,-0.243964671276,-12.2743074615,-0.540177201237,-5.4267757793,0.0797146400169,-0.183310194573,0.0138042590773
1624448684112301639,7603,1624448684112833806,,iri_wam_joint_1,iri_wam_joint_2,iri_wam_joint_3,iri_wam_joint_4,iri_wam_joint_5,iri_wam_joint_6,iri_wam_joint_7,-1.36984484358,0.161624559828,-0.237867140698,2.01820738993,0.0326563951235,0.977715074341,-0.0534273281782,0.0,0.0,0.0,0.0,0.0394725712984,0.0394725712984,0.0,-0.243410904045,-12.2883537661,-0.540950618489,-5.46255000014,0.0687585271152,-0.214315713351,0.00799405491918
1624448684210518061,7604,1624448684211033061,,iri_wam_joint_1,iri_wam_joint_2,iri_wam_joint_3,iri_wam_joint_4,iri_wam_joint_5,iri_wam_joint_6,iri_wam_joint_7,-1.36984484358,0.161624559828,-0.237867140698,2.01820738993,0.0325773239489,0.977794145515,-0.0535300730401,0.0,0.0,0.0,0.0,0.0,0.0,-0.0513639076481,-0.257857699461,-12.2847274092,-0.554348068795,-5.45259384374,0.0872566512631,-0.205734826925,0.0272697484811
1624448684212405504,7605,1624448684212970333,,iri_wam_joint_1,iri_wam_joint_2,iri_wam_joint_3,iri_wam_joint_4,iri_wam_joint_5,iri_wam_joint_6,iri_wam_joint_7,-1.36984484358,0.161624559828,-0.237867140698,2.01820738993,0.0324982527743,0.977715074341,-0.0535300730401,0.0,0.0,0.0,0.0,-0.0394631775403,-0.0394631775403,0.0,-0.246785027149,-12.2805886145,-0.542491411244,-5.43994930238,0.0915413473767,-0.19451921238,0.0211414759034
1624448684311587380,7606,1624448684311179717,,iri_wam_joint_1,iri_wam_joint_2,iri_wam_joint_3,iri_wam_joint_4,iri_wam_joint_5,iri_wam_joint_6,iri_wam_joint_7,-1.36984484358,0.161624559828,-0.237867140698,2.01820738993,0.0324982527743,0.977715074341,-0.0535300730401,0.0,0.0,0.0,0.0,-0.0395478826674,-0.0395478826674,-0.0513884074848,-0.258721428235,-12.28068437,-0.554298193907,-5.43962725407,0.0982132572322,-0.194518820993,0.0330793499814
1624448684312527140,7607,1624448684313092749,,iri_wam_joint_1,iri_wam_joint_2,iri_wam_joint_3,iri_wam_joint_4,iri_wam_joint_5,iri_wam_joint_6,iri_wam_joint_7,-1.36984484358,0.161624559828,-0.237867140698,2.01820738993,0.0325773239489,0.977794145515,-0.0534273281782,0.0,0.0,0.0,0.0,0.0395196072508,0.0395196072508,0.051351666488,-0.231252544425,-12.2884470793,-0.528909100213,-5.46458730354,0.0633710271698,-0.21563813675,-0.00328166506768
1624448684411875081,7608,1624448684412406201,,iri_wam_joint_1,iri_wam_joint_2,iri_wam_joint_3,iri_wam_joint_4,iri_wam_joint_5,iri_wam_joint_6,iri_wam_joint_7,-1.36984484358,0.161624559828,-0.237867140698,2.01820738993,0.0325773239489,0.977794145515,-0.0535300730401,0.0,0.0,0.0,0.0,0.0394725712984,0.0394725712984,0.0,-0.244729993013,-12.288548824,-0.542238522088,-5.46421506426,0.0709112303046,-0.215629801662,0.0101972550182
1624448684413661146,7609,1624448684413204448,,iri_wam_joint_1,iri_wam_joint_2,iri_wam_joint_3,iri_wam_joint_4,iri_wam_joint_5,iri_wam_joint_6,iri_wam_joint_7,-1.36984484358,0.161624559828,-0.237867140698,2.01820738993,0.0325773239489,0.977794145515,-0.0535300730401,0.0,0.0,0.0,0.0,0.0394725712984,0.0394725712984,0.0,-0.244729993013,-12.288548824,-0.542238522088,-5.46421506426,0.0709112303046,-0.215629801662,0.0101972550182
1624448684512432766,7610,1624448684512969978,,iri_wam_joint_1,iri_wam_joint_2,iri_wam_joint_3,iri_wam_joint_4,iri_wam_joint_5,iri_wam_joint_6,iri_wam_joint_7,-1.36984484358,0.161624559828,-0.237867140698,2.01820738993,0.0324982527743,0.977715074341,-0.0535300730401,0.0,0.0,0.0,0.0,0.0,0.0,-0.0229481434138,-0.257530122951,-12.2846015404,-0.553995429927,-5.45092642619,0.0885397462344,-0.204414161096,0.0279447307369
1624448684513828610,7611,1624448684514398380,,iri_wam_joint_1,iri_wam_joint_2,iri_wam_joint_3,iri_wam_joint_4,iri_wam_joint_5,iri_wam_joint_6,iri_wam_joint_7,-1.36984484358,0.161624559828,-0.237867140698,2.01820738993,0.0325773239489,0.977794145515,-0.0535300730401,0.0,0.0,0.0,0.0,0.0519093041241,0.0519093041241,0.0,-0.244729993013,-12.288548824,-0.542238522088,-5.46421506426,0.0709112303046,-0.215629801662,0.0101972550182
1624448684612568006,7612,1624448684613110701,,iri_wam_joint_1,iri_wam_joint_2,iri_wam_joint_3,iri_wam_joint_4,iri_wam_joint_5,iri_wam_joint_6,iri_wam_joint_7,-1.36984484358,0.161624559828,-0.237867140698,2.01820738993,0.0326563951235,0.977715074341,-0.0534273281782,0.0,0.0,0.0,0.0,0.039552599171,-0.039552599171,0.0,-0.243100929994,-12.2783513809,-0.540227010903,-5.43974281904,0.0687584752247,-0.19452578995,0.00799465727143
1624448684613948484,7613,1624448684614522086,,iri_wam_joint_1,iri_wam_joint_2,iri_wam_joint_3,iri_wam_joint_4,iri_wam_joint_5,iri_wam_joint_6,iri_wam_joint_7,-1.36984484358,0.161597409726,-0.237912752806,2.01820738993,0.0325773239489,0.977794145515,-0.0534273281782,0.0,-0.0135630994838,-0.0227859748695,0.0,-0.0395007794246,0.0395007794246,0.0,-0.21852517253,-12.2594959414,-0.51701088812,-5.45763211206,0.0888355387468,-0.213652776167,0.0129813543436
1624448684713979732,7614,1624448684714449216,,iri_wam_joint_1,iri_wam_joint_2,iri_wam_joint_3,iri_wam_joint_4,iri_wam_joint_5,iri_wam_joint_6,iri_wam_joint_7,-1.36984484358,0.161624559828,-0.237867140698,2.01761084184,0.0326563951235,0.977556931991,-0.0534273281782,0.0,-0.0135647151002,-0.0227886891012,-0.0851562670181,-5.54688847299e-14,-0.0790109693982,0.0,-0.220483974699,-12.2676146821,-0.519204088712,-5.98746417135,0.0805610695189,-0.226575867787,0.00812348355132
1624448684714100917,7615,1624448684714644627,,iri_wam_joint_1,iri_wam_joint_2,iri_wam_joint_3,iri_wam_joint_4,iri_wam_joint_5,iri_wam_joint_6,iri_wam_joint_7,-1.36984484358,0.161597409726,-0.237912752806,2.01744039953,0.0326563951235,0.977398789642,-0.0534273281782,0.0,-0.0135647151002,-0.0227886891012,-0.0851562670181,-5.54688847299e-14,-0.0790109693982,0.0,-0.220483974699,-12.2676146821,-0.519204088712,-5.98746417135,0.0805610695189,-0.226575867787,0.00812348355132
1624448684814068074,7616,1624448684814577895,,iri_wam_joint_1,iri_wam_joint_2,iri_wam_joint_3,iri_wam_joint_4,iri_wam_joint_5,iri_wam_joint_6,iri_wam_joint_7,-1.36984484358,0.161733160238,-0.237867140698,1.9853972453,0.0348703880133,0.977082504943,-0.053632817902,0.0,0.0,0.0,-0.681818656764,0.0,0.0,0.0,-0.326733615387,-11.2575914567,-0.577987943362,-6.50464279122,0.0516882353774,0.153462486624,0.01862235817
1624448684814166223,7617,1624448684814745426,,iri_wam_joint_1,iri_wam_joint_2,iri_wam_joint_3,iri_wam_joint_4,iri_wam_joint_5,iri_wam_joint_6,iri_wam_joint_7,-1.36984484358,0.161733160238,-0.237867140698,1.9853972453,0.0348703880133,0.977082504943,-0.053632817902,0.0,0.0,0.0,-0.681818656764,0.0,0.0,0.0,-0.326733615387,-11.2575914567,-0.577987943362,-6.50464279122,0.0516882353774,0.153462486624,0.01862235817
1624448684914163674,7618,1624448684914708967,,iri_wam_joint_1,iri_wam_joint_2,iri_wam_joint_3,iri_wam_joint_4,iri_wam_joint_5,iri_wam_joint_6,iri_wam_joint_7,-1.36984484358,0.162249012184,-0.238003977021,1.91756120601,0.0457822101127,1.01013425594,-0.0547630113827,0.0,0.013576035201,-0.0228077068437,-0.596591324668,0.0790769060679,0.632615248544,-0.102752309291,-0.557021402924,-8.92400812593,-0.715138119562,-5.50395346453,-0.12737343007,0.381895251021,-0.00746245145366
1624448684914251776,7619,1624448684914835416,,iri_wam_joint_1,iri_wam_joint_2,iri_wam_joint_3,iri_wam_joint_4,iri_wam_joint_5,iri_wam_joint_6,iri_wam_joint_7,-1.36984484358,0.162249012184,-0.238003977021,1.91756120601,0.0457822101127,1.01013425594,-0.0547630113827,0.0,0.013576035201,-0.0228077068437,-0.596591324668,0.0790769060679,0.632615248544,-0.102752309291,-0.557021402924,-8.92400812593,-0.715138119562,-5.50395346453,-0.12737343007,0.381895251021,-0.00746245145366
1624448685014290109,7620,1624448685014838342,,iri_wam_joint_1,iri_wam_joint_2,iri_wam_joint_3,iri_wam_joint_4,iri_wam_joint_5,iri_wam_joint_6,iri_wam_joint_7,-1.36984484358,0.165018322633,-0.238003977021,1.86889992657,0.0417495802064,1.04595349805,-0.0538383076257,0.0,0.0543170919468,0.0,-0.383614461874,0.0395478826674,0.276835178672,0.0,-0.721188560743,-7.62343323285,-0.801517948018,-5.94041003037,-0.0719896404284,0.336686875581,0.0209260289788
1624448685014382826,7621,1624448685014940398,,iri_wam_joint_1,iri_wam_joint_2,iri_wam_joint_3,iri_wam_joint_4,iri_wam_joint_5,iri_wam_joint_6,iri_wam_joint_7,-1.36984484358,0.165018322633,-0.238003977021,1.86889992657,0.0417495802064,1.04595349805,-0.0538383076257,0.0,0.0543170919468,0.0,-0.383614461874,0.0395478826674,0.276835178672,0.0,-0.721188560743,-7.62343323285,-0.801517948018,-5.94041003037,-0.0719896404284,0.336686875581,0.0209260289788
1624448685114412999,7622,1624448685114950865,,iri_wam_joint_1,iri_wam_joint_2,iri_wam_joint_3,iri_wam_joint_4,iri_wam_joint_5,iri_wam_joint_6,iri_wam_joint_7,-1.36999093699,0.175091010638,-0.239509176569,1.82560757989,0.0415123666825,1.06374451234,-0.0540437973495,0.0,0.12238858961,-0.0685375131376,-0.554903821413,-0.198022775286,0.0396045550572,0.0,-4.84597302136,-1.56894649089,-3.97979352383,-8.42825911078,-0.429587417164,-0.506046700579,0.0408418977848
1624448685114505819,7623,1624448685115048937,,iri_wam_joint_1,iri_wam_joint_2,iri_wam_joint_3,iri_wam_joint_4,iri_wam_joint_5,iri_wam_joint_6,iri_wam_joint_7,-1.36999093699,0.175091010638,-0.239509176569,1.82560757989,0.0415123666825,1.06374451234,-0.0540437973495,0.0,0.12238858961,-0.0685375131376,-0.554903821413,-0.198022775286,0.0396045550572,0.0,-4.84597302136,-1.56894649089,-3.97979352383,-8.42825911078,-0.429587417164,-0.506046700579,0.0408418977848
1624448685214559009,7624,1624448685215059285,,iri_wam_joint_1,iri_wam_joint_2,iri_wam_joint_3,iri_wam_joint_4,iri_wam_joint_5,iri_wam_joint_6,iri_wam_joint_7,-1.37137882437,0.20180671144,-0.259578503876,1.77660541584,0.0358983132835,1.06967485044,-0.0649347527089,0.0182564702389,0.352850716831,-0.273594629967,-0.468582736133,0.0,0.0,-0.410862290709,-3.16735167705,-5.13565331205,-2.58885491131,-6.25526565624,-0.0823032284659,0.347270990472,-0.00284550507211
1624448685214622832,7625,1624448685215164952,,iri_wam_joint_1,iri_wam_joint_2,iri_wam_joint_3,iri_wam_joint_4,iri_wam_joint_5,iri_wam_joint_6,iri_wam_joint_7,-1.37137882437,0.20180671144,-0.259578503876,1.77660541584,0.0358983132835,1.06967485044,-0.0649347527089,0.0182564702389,0.352850716831,-0.273594629967,-0.468582736133,0.0,0.0,-0.410862290709,-3.16735167705,-5.13565331205,-2.58885491131,-6.25526565624,-0.0823032284659,0.347270990472,-0.00284550507211
1624448685315619240,7626,1624448685315256376,,iri_wam_joint_1,iri_wam_joint_2,iri_wam_joint_3,iri_wam_joint_4,iri_wam_joint_5,iri_wam_joint_6,iri_wam_joint_7,-1.37462940271,0.253609106896,-0.308657131564,1.71805848243,0.042698434302,1.07584240206,-0.112711113484,-0.0182564702389,0.664987889412,-0.615587917427,-0.766771750036,0.474291804146,0.316194536097,-0.719009008741,-2.26499878897,-8.22966053176,-1.85486630941,-7.00235553207,0.202395693162,0.416058043938,-0.0776731787663
1624448685315717697,7627,1624448685315256376,,iri_wam_joint_1,iri_wam_joint_2,iri_wam_joint_3,iri_wam_joint_4,iri_wam_joint_5,iri_wam_joint_6,iri_wam_joint_7,-1.37462940271,0.253609106896,-0.308657131564,1.71805848243,0.042698434302,1.07584240206,-0.112711113484,-0.0182564702389,0.664987889412,-0.615587917427,-0.766771750036,0.474291804146,0.316194536097,-0.719009008741,-2.26499878897,-8.22966053176,-1.85486630941,-7.00235553207,0.202395693162,0.416058043938,-0.0776731787663
1624448685415721060,7628,1624448685415280414,,iri_wam_joint_1,iri_wam_joint_2,iri_wam_joint_3,iri_wam_joint_4,iri_wam_joint_5,iri_wam_joint_6,iri_wam_joint_7,-1.37689385054,0.323384870168,-0.374429790603,1.61783840429,0.100894818832,1.13403878659,-0.191824657132,0.0,0.678801760052,-0.638615791623,-1.10795531724,0.59307679551,0.59307679551,-0.565137701102,-1.64803035622,-12.1419317507,-1.68342997692,-6.60958763164,0.079349964117,0.508543188657,-0.0984346827303
1624448685415855649,7629,1624448685416410499,,iri_wam_joint_1,iri_wam_joint_2,iri_wam_joint_3,iri_wam_joint_4,iri_wam_joint_5,iri_wam_joint_6,iri_wam_joint_7,-1.37693037389,0.324823825598,-0.37575254172,1.61579309657,0.102080886452,1.13506671186,-0.192646616027,-0.0182586462187,0.71935834483,-0.661265828979,-1.02248418825,0.592935418443,0.51387736265,-0.410911261185,-4.88134178156,-7.23001683129,-3.51494540689,-8.43316805252,-0.177522178836,-0.472737023705,-0.154129863824
1624448685515913515,7630,1624448685516423816,,iri_wam_joint_1,iri_wam_joint_2,iri_wam_joint_3,iri_wam_joint_4,iri_wam_joint_5,iri_wam_joint_6,iri_wam_joint_7,-1.37784345769,0.389386769201,-0.43048707074,1.51216417224,0.14762588304,1.19721665512,-0.246793158239,-0.0182564702389,0.542847256663,-0.50159015494,-0.809370180594,0.55334043817,0.474291804146,-0.410862290709,-6.10832287148,-9.80087050877,-4.30012322483,-7.72646320826,-0.265729784253,-0.503055410945,-0.096117076063
1624448685515985279,7631,1624448685516539338,,iri_wam_joint_1,iri_wam_joint_2,iri_wam_joint_3,iri_wam_joint_4,iri_wam_joint_5,iri_wam_joint_6,iri_wam_joint_7,-1.37784345769,0.389386769201,-0.43048707074,1.51216417224,0.14762588304,1.19721665512,-0.246793158239,-0.0182564702389,0.542847256663,-0.50159015494,-0.809370180594,0.55334043817,0.474291804146,-0.410862290709,-6.10832287148,-9.80087050877,-4.30012322483,-7.72646320826,-0.265729784253,-0.503055410945,-0.096117076063
1624448685615997255,7632,1624448685616553186,,iri_wam_joint_1,iri_wam_joint_2,iri_wam_joint_3,iri_wam_joint_4,iri_wam_joint_5,iri_wam_joint_6,iri_wam_joint_7,-1.37886611155,0.438609904926,-0.483716400212,1.44773697914,0.175696150035,1.22323107158,-0.292822856361,0.0,0.407329617025,-0.45620852511,-0.554043710565,0.316345338308,0.158172669154,-0.205529121339,-6.16810258842,-11.0842280776,-4.13757080532,-8.41237340769,0.0124325128095,-0.617129319089,-0.113899593867
1624448685616102204,7633,1624448685616657248,,iri_wam_joint_1,iri_wam_joint_2,iri_wam_joint_3,iri_wam_joint_4,iri_wam_joint_5,iri_wam_joint_6,iri_wam_joint_7,-1.37886611155,0.438609904926,-0.483716400212,1.44773697914,0.175696150035,1.22323107158,-0.292822856361,0.0,0.407329617025,-0.45620852511,-0.554043710565,0.316345338308,0.158172669154,-0.205529121339,-6.16810258842,-11.0842280776,-4.13757080532,-8.41237340769,0.0124325128095,-0.617129319089,-0.113899593867
1624448685716114525,7634,1624448685716665497,,iri_wam_joint_1,iri_wam_joint_2,iri_wam_joint_3,iri_wam_joint_4,iri_wam_joint_5,iri_wam_joint_6,iri_wam_joint_7,-1.38660906219,0.474719541171,-0.52047975887,1.39063880537,0.200129142997,1.24355236346,-0.328578068296,-0.10951271901,0.352766634687,-0.273529434059,-0.638824194225,0.316119188895,0.158059594447,-0.205382192383,-6.43563354236,-9.51453450893,-3.82737906224,-8.48626527122,0.181257020138,-0.79136475202,-0.0845209440173
1624448685716208756,7635,1624448685716763372,,iri_wam_joint_1,iri_wam_joint_2,iri_wam_joint_3,iri_wam_joint_4,iri_wam_joint_5,iri_wam_joint_6,iri_wam_joint_7,-1.38660906219,0.474719541171,-0.52047975887,1.39063880537,0.200129142997,1.24355236346,-0.328578068296,-0.10951271901,0.352766634687,-0.273529434059,-0.638824194225,0.316119188895,0.158059594447,-0.205382192383,-6.43563354236,-9.51453450893,-3.82737906224,-8.48626527122,0.181257020138,-0.79136475202,-0.0845209440173
1624448685816258512,7636,1624448685816783057,,iri_wam_joint_1,iri_wam_joint_2,iri_wam_joint_3,iri_wam_joint_4,iri_wam_joint_5,iri_wam_joint_6,iri_wam_joint_7,-1.40735432618,0.511453629773,-0.531472276782,1.31266144866,0.225748203578,1.26759000055,-0.347688612606,-0.29161697423,0.379360134617,-0.0910463033931,-0.765494557353,0.394584823378,0.315667858702,-0.205088963792,-4.98181046444,-11.6371779667,-3.10308638859,-6.54494215355,0.144892769044,0.0612361312127,-0.0753792632133
1624448685816353242,7637,1624448685816888003,,iri_wam_joint_1,iri_wam_joint_2,iri_wam_joint_3,iri_wam_joint_4,iri_wam_joint_5,iri_wam_joint_6,iri_wam_joint_7,-1.40735432618,0.511453629773,-0.531472276782,1.31266144866,0.225748203578,1.26759000055,-0.347688612606,-0.29161697423,0.379360134617,-0.0910463033931,-0.765494557353,0.394584823378,0.315667858702,-0.205088963792,-4.98181046444,-11.6371779667,-3.10308638859,-6.54494215355,0.144892769044,0.0612361312127,-0.0753792632133
1624448685916344791,7638,1624448685916884700,,iri_wam_joint_1,iri_wam_joint_2,iri_wam_joint_3,iri_wam_joint_4,iri_wam_joint_5,iri_wam_joint_6,iri_wam_joint_7,-1.44026186642,0.558749108225,-0.536580832823,1.22820728417,0.254846395843,1.29763704691,-0.369162288739,-0.328420766073,0.542523979354,5.54622781453e-14,-0.851461245375,0.474009353095,0.553010911945,-0.307963209982,-3.47659493312,-12.0316710694,-2.19380001712,-5.84571278144,0.209763291941,0.275625628435,-0.0320897493058
1624448685916436632,7639,1624448685916986947,,iri_wam_joint_1,iri_wam_joint_2,iri_wam_joint_3,iri_wam_joint_4,iri_wam_joint_5,iri_wam_joint_6,iri_wam_joint_7,-1.44026186642,0.558749108225,-0.536580832823,1.22820728417,0.254846395843,1.29763704691,-0.369162288739,-0.328420766073,0.542523979354,5.54622781453e-14,-0.851461245375,0.474009353095,0.553010911945,-0.307963209982,-3.47659493312,-12.0316710694,-2.19380001712,-5.84571278144,0.209763291941,0.275625628435,-0.0320897493058
1624448686016484593,7640,1624448686017014602,,iri_wam_joint_1,iri_wam_joint_2,iri_wam_joint_3,iri_wam_joint_4,iri_wam_joint_5,iri_wam_joint_6,iri_wam_joint_7,-1.46977273491,0.615465672223,-0.540001740887,1.16096779296,0.306005445831,1.34927052394,-0.390430475148,-0.200725486543,0.515459173809,0.0,-0.468359468599,0.237032908195,0.395054846991,-0.102666631368,-0.633540507201,-16.8792689434,-1.59001088901,-6.732127215,0.0991945494935,0.133661202601,-0.0643006101173
1624448686016567994,7641,1624448686017118163,,iri_wam_joint_1,iri_wam_joint_2,iri_wam_joint_3,iri_wam_joint_4,iri_wam_joint_5,iri_wam_joint_6,iri_wam_joint_7,-1.46977273491,0.615465672223,-0.540001740887,1.16096779296,0.306005445831,1.34927052394,-0.390430475148,-0.200725486543,0.515459173809,0.0,-0.468359468599,0.237032908195,0.395054846991,-0.102666631368,-0.633540507201,-16.8792689434,-1.59001088901,-6.732127215,0.0991945494935,0.133661202601,-0.0643006101173
1624448686116551960,7642,1624448686117103624,,iri_wam_joint_1,iri_wam_joint_2,iri_wam_joint_3,iri_wam_joint_4,iri_wam_joint_5,iri_wam_joint_6,iri_wam_joint_7,-1.47904966634,0.662299598932,-0.538405317124,1.11955031169,0.318182406724,1.36128934249,-0.389814005977,0.0,0.366465571894,-0.0684068098945,-0.255621047062,0.0790580557924,0.0790580557923,0.0,-1.30219816387,-21.6582687531,-2.47071511729,-7.40800609791,0.131613394336,0.175652061174,-0.0188391125333
1624448686116656968,7643,1624448686117204590,,iri_wam_joint_1,iri_wam_joint_2,iri_wam_joint_3,iri_wam_joint_4,iri_wam_joint_5,iri_wam_joint_6,iri_wam_joint_7,-1.47904966634,0.662299598932,-0.538405317124,1.11955031169,0.318182406724,1.36128934249,-0.389814005977,0.0,0.366465571894,-0.0684068098945,-0.255621047062,0.0790580557924,0.0790580557923,0.0,-1.30219816387,-21.6582687531,-2.47071511729,-7.40800609791,0.131613394336,0.175652061174,-0.0188391125333
1624448686216701584,7644,1624448686217245438,,iri_wam_joint_1,iri_wam_joint_2,iri_wam_joint_3,iri_wam_joint_4,iri_wam_joint_5,iri_wam_joint_6,iri_wam_joint_7,-1.47890357293,0.688798098914,-0.535303693813,1.09227954213,0.320317328439,1.3631079795,-0.383032845093,0.0,0.148963445824,0.0227507486032,-0.127521737713,0.0394397126946,0.118319138084,0.0512478517264,-3.05258925544,-20.7628636376,-3.0199284183,-6.61440950899,0.0914538728365,0.074797305212,0.0432829859197
1624448686217772113,7645,1624448686218333629,,iri_wam_joint_1,iri_wam_joint_2,iri_wam_joint_3,iri_wam_joint_4,iri_wam_joint_5,iri_wam_joint_6,iri_wam_joint_7,-1.47890357293,0.688798098914,-0.535303693813,1.09227954213,0.320317328439,1.3631079795,-0.383032845093,0.0,0.148963445824,0.0227507486032,-0.127521737713,0.0394397126946,0.118319138084,0.0512478517264,-3.05258925544,-20.7628636376,-3.0199284183,-6.61440950899,0.0914538728365,0.074797305212,0.0432829859197
1624448686317701794,7646,1624448686317326236,,iri_wam_joint_1,iri_wam_joint_2,iri_wam_joint_3,iri_wam_joint_4,iri_wam_joint_5,iri_wam_joint_6,iri_wam_joint_7,-1.47894009628,0.700744143988,-0.535668590673,1.08929680171,0.321028969011,1.36287076598,-0.382005396474,0.0,0.0950095927133,0.0684068098944,-0.0426035078437,0.0395290278962,0.0395290278962,0.0513639076481,-1.36243983575,-21.2299318624,-2.30620565783,-6.75520892175,0.273721903185,0.0930589784987,0.0409058026395
1624448686317919582,7647,1624448686318473773,,iri_wam_joint_1,iri_wam_joint_2,iri_wam_joint_3,iri_wam_joint_4,iri_wam_joint_5,iri_wam_joint_6,iri_wam_joint_7,-1.47890357293,0.700934194705,-0.535531754351,1.08929680171,0.32134525371,1.36302890833,-0.382005396474,0.0182760727482,0.0951002723533,0.0684720991427,0.0,0.158267021737,0.0791335108683,0.0,-1.46898742708,-21.3572895702,-2.3977591316,-6.80238922356,0.236616892964,0.0677814099943,0.0496354696152
1624448686417955750,7648,1624448686418480465,,iri_wam_joint_1,iri_wam_joint_2,iri_wam_joint_3,iri_wam_joint_4,iri_wam_joint_5,iri_wam_joint_6,iri_wam_joint_7,-1.47795396578,0.701775847881,-0.532293294717,1.08921158055,0.339452552701,1.38287577316,-0.381902651612,0.0548740448149,-0.0407913253491,0.0685293295539,0.0,0.316798609241,0.316798609241,0.0,1.56970680662,-23.8513127709,-1.68485785145,-6.92848338904,0.0612708125984,0.263969412095,0.0538527830059
1624448686418041641,7649,1624448686418601164,,iri_wam_joint_1,iri_wam_joint_2,iri_wam_joint_3,iri_wam_joint_4,iri_wam_joint_5,iri_wam_joint_6,iri_wam_joint_7,-1.47795396578,0.701775847881,-0.532293294717,1.08921158055,0.339452552701,1.38287577316,-0.381902651612,0.0548740448149,-0.0407913253491,0.0685293295539,0.0,0.316798609241,0.316798609241,0.0,1.56970680662,-23.8513127709,-1.68485785145,-6.92848338904,0.0612708125984,0.263969412095,0.0538527830059
1624448686518069760,7650,1624448686518615090,,iri_wam_joint_1,iri_wam_joint_2,iri_wam_joint_3,iri_wam_joint_4,iri_wam_joint_5,iri_wam_joint_6,iri_wam_joint_7,-1.47243893961,0.694852571759,-0.522304243171,1.08929680171,0.347596883688,1.40778319317,-0.371319930838,0.0914021728968,-0.108711964932,0.228294803108,0.0,-0.118728595722,0.277033390017,0.205700804376,2.90671661416,-24.3464460593,-1.28635919876,-6.23609414034,-0.0826038375652,0.372284860949,0.0800699499062
1624448686518176985,7651,1624448686518718699,,iri_wam_joint_1,iri_wam_joint_2,iri_wam_joint_3,iri_wam_joint_4,iri_wam_joint_5,iri_wam_joint_6,iri_wam_joint_7,-1.47243893961,0.694852571759,-0.522304243171,1.08929680171,0.347596883688,1.40778319317,-0.371319930838,0.0914021728968,-0.108711964932,0.228294803108,0.0,-0.118728595722,0.277033390017,0.205700804376,2.90671661416,-24.3464460593,-1.28635919876,-6.23609414034,-0.0826038375652,0.372284860949,0.0800699499062
1624448686618181825,7652,1624448686618725518,,iri_wam_joint_1,iri_wam_joint_2,iri_wam_joint_3,iri_wam_joint_4,iri_wam_joint_5,iri_wam_joint_6,iri_wam_joint_7,-1.46363681176,0.681657621972,-0.500957776853,1.08980812864,0.322768534853,1.43466739255,-0.342654114374,0.146540755016,-0.149782807118,0.251634759662,0.0,-0.158626590481,0.317253180963,0.206118945435,3.01759239419,-23.4404240434,-1.00137135028,-5.04437069502,-0.0393641711211,0.352428804981,0.100066345495
1624448686618284226,7653,1624448686618832645,,iri_wam_joint_1,iri_wam_joint_2,iri_wam_joint_3,iri_wam_joint_4,iri_wam_joint_5,iri_wam_joint_6,iri_wam_joint_7,-1.46363681176,0.681657621972,-0.500957776853,1.08980812864,0.322768534853,1.43466739255,-0.342654114374,0.146540755016,-0.149782807118,0.251634759662,0.0,-0.158626590481,0.317253180963,0.206118945435,3.01759239419,-23.4404240434,-1.00137135028,-5.04437069502,-0.0393641711211,0.352428804981,0.100066345495
1624448686718335158,7654,1624448686718931608,,iri_wam_joint_1,iri_wam_joint_2,iri_wam_joint_3,iri_wam_joint_4,iri_wam_joint_5,iri_wam_joint_6,iri_wam_joint_7,-1.4496483679,0.666860816142,-0.477558765697,1.09892679221,0.304582164687,1.44890020398,-0.311830655809,0.201204830988,-0.149568192947,0.34264664777,0.384118313705,0.0395998261551,0.277198783086,0.0514559027066,3.67781366636,-22.5472405327,-0.579424031855,-3.29952579989,-0.14018378991,0.511498176729,0.152580752018
1624448686718424075,7655,1624448686718931608,,iri_wam_joint_1,iri_wam_joint_2,iri_wam_joint_3,iri_wam_joint_4,iri_wam_joint_5,iri_wam_joint_6,iri_wam_joint_7,-1.4496483679,0.666860816142,-0.477558765697,1.09892679221,0.304582164687,1.44890020398,-0.311830655809,0.201204830988,-0.149568192947,0.34264664777,0.384118313705,0.0395998261551,0.277198783086,0.0514559027066,3.67781366636,-22.5472405327,-0.579424031855,-3.29952579989,-0.14018378991,0.511498176729,0.152580752018
1624448686818420234,7656,1624448686818959089,,iri_wam_joint_1,iri_wam_joint_2,iri_wam_joint_3,iri_wam_joint_4,iri_wam_joint_5,iri_wam_joint_6,iri_wam_joint_7,-1.422584564,0.64269722497,-0.445265393576,1.18414794709,0.295251766081,1.44795134988,-0.278952300007,0.365259994695,-0.298672774423,0.456154136873,1.32102364748,-0.118615359102,0.118615359102,-0.462385391811,4.95107952184,-25.4137340943,-0.447269782483,-3.71187135821,-0.276848374412,-0.200584194266,0.248467488352
1624448686818509690,7657,1624448686819059662,,iri_wam_joint_1,iri_wam_joint_2,iri_wam_joint_3,iri_wam_joint_4,iri_wam_joint_5,iri_wam_joint_6,iri_wam_joint_7,-1.422584564,0.64269722497,-0.445265393576,1.18414794709,0.295251766081,1.44795134988,-0.278952300007,0.365259994695,-0.298672774423,0.456154136873,1.32102364748,-0.118615359102,0.118615359102,-0.462385391811,4.95107952184,-25.4137340943,-0.447269782483,-3.71187135821,-0.276848374412,-0.200584194266,0.248467488352
1624448686918585778,7658,1624448686919075289,,iri_wam_joint_1,iri_wam_joint_2,iri_wam_joint_3,iri_wam_joint_4,iri_wam_joint_5,iri_wam_joint_6,iri_wam_joint_7,-1.38047313904,0.602840874588,-0.402116339865,1.32987612194,0.245832281935,1.37243837811,-0.228710062547,0.529816483181,-0.502493020973,0.661660143725,1.61989867272,-0.672394185907,-1.14702537596,0.513945360963,4.14275431598,-28.1718999611,-0.622605879512,-4.40129321956,0.0419223992955,-0.43853733163,0.161423320814
1624448686918685526,7659,1624448686919178153,,iri_wam_joint_1,iri_wam_joint_2,iri_wam_joint_3,iri_wam_joint_4,iri_wam_joint_5,iri_wam_joint_6,iri_wam_joint_7,-1.38047313904,0.602840874588,-0.402116339865,1.32987612194,0.245832281935,1.37243837811,-0.228710062547,0.529816483181,-0.502493020973,0.661660143725,1.61989867272,-0.672394185907,-1.14702537596,0.513945360963,4.14275431598,-28.1718999611,-0.622605879512,-4.40129321956,0.0419223992955,-0.43853733163,0.161423320814
1624448687018629331,7660,1624448687019179379,,iri_wam_joint_1,iri_wam_joint_2,iri_wam_joint_3,iri_wam_joint_4,iri_wam_joint_5,iri_wam_joint_6,iri_wam_joint_7,-1.33452676211,0.53911958416,-0.345146817577,1.50006276824,0.201947780013,1.23082190434,-0.15185690586,0.383705972958,-0.760620689757,0.50200894443,1.8332618708,-0.791146335995,-1.58229267199,1.64482131743,2.58723528009,-25.023401576,-0.497684854591,-4.1252391063,-0.0595994719966,-0.381805959379,-0.150880621999
1624448687018725759,7661,1624448687019282369,,iri_wam_joint_1,iri_wam_joint_2,iri_wam_joint_3,iri_wam_joint_4,iri_wam_joint_5,iri_wam_joint_6,iri_wam_joint_7,-1.33452676211,0.53911958416,-0.345146817577,1.50006276824,0.201947780013,1.23082190434,-0.15185690586,0.383705972958,-0.760620689757,0.50200894443,1.8332618708,-0.791146335995,-1.58229267199,1.64482131743,2.58723528009,-25.023401576,-0.497684854591,-4.1252391063,-0.0595994719966,-0.381805959379,-0.150880621999
1624448687118768428,7662,1624448687119294660,,iri_wam_joint_1,iri_wam_joint_2,iri_wam_joint_3,iri_wam_joint_4,iri_wam_joint_5,iri_wam_joint_6,iri_wam_joint_7,-1.29033350608,0.46858361802,-0.295885741459,1.66113075097,0.158142349267,1.09213106403,-0.073462576245,0.401977685956,-0.611213054269,0.524827532813,1.70535987981,-0.435130484797,-1.22627682079,0.205602664679,0.719120755502,-19.0137404162,-0.853220004862,-3.88776343232,0.0952831477948,-0.505485678829,0.259694217124
1624448687119777473,7663,1624448687119393140,,iri_wam_joint_1,iri_wam_joint_2,iri_wam_joint_3,iri_wam_joint_4,iri_wam_joint_5,iri_wam_joint_6,iri_wam_joint_7,-1.29033350608,0.46858361802,-0.295885741459,1.66113075097,0.158142349267,1.09213106403,-0.073462576245,0.401977685956,-0.611213054269,0.524827532813,1.70535987981,-0.435130484797,-1.22627682079,0.205602664679,0.719120755502,-19.0137404162,-0.853220004862,-3.88776343232,0.0952831477948,-0.505485678829,0.259694217124
1624448687219817264,7664,1624448687219396805,,iri_wam_joint_1,iri_wam_joint_2,iri_wam_joint_3,iri_wam_joint_4,iri_wam_joint_5,iri_wam_joint_6,iri_wam_joint_7,-1.26191833815,0.417867226661,-0.248722822287,1.79646194492,0.146281673072,0.973998729133,-0.00770586464109,0.182564702389,-0.407135442497,0.683986574918,1.27795291673,-0.197621585061,-0.830010657255,1.3353024448,1.74635703158,-15.399767358,0.324169661077,-4.3440958529,-0.175231217779,-0.52581991773,-0.0906323741276
1624448687219951255,7665,1624448687220542348,,iri_wam_joint_1,iri_wam_joint_2,iri_wam_joint_3,iri_wam_joint_4,iri_wam_joint_5,iri_wam_joint_6,iri_wam_joint_7,-1.26158962798,0.4171884741,-0.247308846954,1.79927424303,0.146202601897,0.972654519164,-0.00688390574604,0.164308232151,-0.339279535414,0.706786127416,1.4057482084,-0.0395243170121,-0.671913389207,0.410862290709,1.32908790573,-15.6625108861,-0.0422486952061,-4.65840317891,-0.105068114718,-0.653142855733,0.108576156795
1624448687320068206,7666,1624448687320601010,,iri_wam_joint_1,iri_wam_joint_2,iri_wam_joint_3,iri_wam_joint_4,iri_wam_joint_5,iri_wam_joint_6,iri_wam_joint_7,-1.25092480917,0.394192337333,-0.191616463677,1.89173919608,0.138848982656,0.894453127452,0.0457214635371,0.1278562409,-0.135776539009,0.684312787664,0.809756192364,-0.0395431672886,-0.197715836443,0.10276456067,2.9880628411,-15.3625449695,1.25732421786,-4.53737653296,0.018925913136,-0.587181057624,0.247687916136
1624448687322016927,7667,1624448687320724136,,iri_wam_joint_1,iri_wam_joint_2,iri_wam_joint_3,iri_wam_joint_4,iri_wam_joint_5,iri_wam_joint_6,iri_wam_joint_7,-1.25092480917,0.394192337333,-0.191616463677,1.89173919608,0.138848982656,0.894453127452,0.0457214635371,0.1278562409,-0.135776539009,0.684312787664,0.809756192364,-0.0395431672886,-0.197715836443,0.10276456067,2.9880628411,-15.3625449695,1.25732421786,-4.53737653296,0.018925913136,-0.587181057624,0.247687916136
1624448687420154854,7668,1624448687420695686,,iri_wam_joint_1,iri_wam_joint_2,iri_wam_joint_3,iri_wam_joint_4,iri_wam_joint_5,iri_wam_joint_6,iri_wam_joint_7,-1.23989475684,0.389033817869,-0.136060916722,1.95096789873,0.13584427802,0.851912835499,0.106238187185,0.182608227173,0.0271488337743,0.775369594726,0.724345967784,-0.158134959613,-0.0790674798067,-0.0513700304169,4.32564034001,-16.8707600784,2.26537824006,-3.86947875884,0.0519077552704,-0.609995775844,0.313925258732
1624448687420241616,7669,1624448687420811943,,iri_wam_joint_1,iri_wam_joint_2,iri_wam_joint_3,iri_wam_joint_4,iri_wam_joint_5,iri_wam_joint_6,iri_wam_joint_7,-1.23989475684,0.389033817869,-0.136060916722,1.95096789873,0.13584427802,0.851912835499,0.106238187185,0.182608227173,0.0271488337743,0.775369594726,0.724345967784,-0.158134959613,-0.0790674798067,-0.0513700304169,4.32564034001,-16.8707600784,2.26537824006,-3.86947875884,0.0519077552704,-0.609995775844,0.313925258732
1624448687520289537,7670,1624448687520826556,,iri_wam_joint_1,iri_wam_joint_2,iri_wam_joint_3,iri_wam_joint_4,iri_wam_joint_5,iri_wam_joint_6,iri_wam_joint_7,-1.22013562335,0.387214761006,-0.0727056993812,2.01471332258,0.11006707509,0.791502458079,0.193776809508,0.20086904989,0.0271488337743,0.547319713924,0.979997485826,-0.83020853797,-0.59300609855,0.256850152085,1.51291723313,-16.6134829172,0.472545056913,-3.07843971108,-0.0343298591663,-0.601361187974,0.365981893096
1624448687520375122,7671,1624448687520926044,,iri_wam_joint_1,iri_wam_joint_2,iri_wam_joint_3,iri_wam_joint_4,iri_wam_joint_5,iri_wam_joint_6,iri_wam_joint_7,-1.22013562335,0.387214761006,-0.0727056993812,2.01471332258,0.11006707509,0.791502458079,0.193776809508,0.20086904989,0.0271488337743,0.547319713924,0.979997485826,-0.83020853797,-0.59300609855,0.256850152085,1.51291723313,-16.6134829172,0.472545056913,-3.07843971108,-0.0343298591663,-0.601361187974,0.365981893096
1624448687620388860,7672,1624448687620931478,,iri_wam_joint_1,iri_wam_joint_2,iri_wam_joint_3,iri_wam_joint_4,iri_wam_joint_5,iri_wam_joint_6,iri_wam_joint_7,-1.19968254618,0.390146972069,-0.049990869838,2.10871225641,0.0320238257265,0.681356311815,0.295083243323,0.0913149986737,0.0678801760052,0.068423120531,1.23579631538,-0.474461436408,-1.02799977888,-0.513761546456,-0.733622642459,-14.8750929739,-0.821361592876,-3.26984067571,0.21550435503,-0.605076502219,0.297613270726
1624448687620496578,7673,1624448687621034312,,iri_wam_joint_1,iri_wam_joint_2,iri_wam_joint_3,iri_wam_joint_4,iri_wam_joint_5,iri_wam_joint_6,iri_wam_joint_7,-1.19968254618,0.390146972069,-0.049990869838,2.10871225641,0.0320238257265,0.681356311815,0.295083243323,0.0913149986737,0.0678801760052,0.068423120531,1.23579631538,-0.474461436408,-1.02799977888,-0.513761546456,-0.733622642459,-14.8750929739,-0.821361592876,-3.26984067571,0.21550435503,-0.605076502219,0.297613270726
1624448687720541495,7674,1624448687721047533,,iri_wam_joint_1,iri_wam_joint_2,iri_wam_joint_3,iri_wam_joint_4,iri_wam_joint_5,iri_wam_joint_6,iri_wam_joint_7,-1.19840422886,0.396337195426,-0.0474365918171,2.21234118075,0.0347913168386,0.5498609484,0.300631465864,0.0,0.108621231207,0.0,0.980231180231,0.158172669154,-0.790863345771,-0.10276456067,0.498870764568,-12.8938616404,0.172155545534,-3.83119489653,-0.0181251341371,-0.583335965198,-0.0411033509557
1624448687720628172,7675,1624448687721153270,,iri_wam_joint_1,iri_wam_joint_2,iri_wam_joint_3,iri_wam_joint_4,iri_wam_joint_5,iri_wam_joint_6,iri_wam_joint_7,-1.19840422886,0.396337195426,-0.0474365918171,2.21234118075,0.0347913168386,0.5498609484,0.300631465864,0.0,0.108621231207,0.0,0.980231180231,0.158172669154,-0.790863345771,-0.10276456067,0.498870764568,-12.8938616404,0.172155545534,-3.83119489653,-0.0181251341371,-0.583335965198,-0.0411033509557
1624448687820620134,7676,1624448687821155057,,iri_wam_joint_1,iri_wam_joint_2,iri_wam_joint_3,iri_wam_joint_4,iri_wam_joint_5,iri_wam_joint_6,iri_wam_joint_7,-1.19858684562,0.410753899822,-0.0431946658181,2.27191076801,0.0565358898628,0.477194538912,0.286247185201,0.0,0.244339503969,0.182439904641,0.724345967784,0.11860121971,-0.35580365913,0.102740060834,1.0083665321,-11.1653156423,0.528408716058,-2.65326337965,-0.0844700905203,-0.629512232492,-0.0778387235781
1624448687820710355,7677,1624448687821263208,,iri_wam_joint_1,iri_wam_joint_2,iri_wam_joint_3,iri_wam_joint_4,iri_wam_joint_5,iri_wam_joint_6,iri_wam_joint_7,-1.19858684562,0.410753899822,-0.0431946658181,2.27191076801,0.0565358898628,0.477194538912,0.286247185201,0.0,0.244339503969,0.182439904641,0.724345967784,0.11860121971,-0.35580365913,0.102740060834,1.0083665321,-11.1653156423,0.528408716058,-2.65326337965,-0.0844700905203,-0.629512232492,-0.0778387235781
1624448687920769803,7678,1624448687921273045,,iri_wam_joint_1,iri_wam_joint_2,iri_wam_joint_3,iri_wam_joint_4,iri_wam_joint_5,iri_wam_joint_6,iri_wam_joint_7,-1.19858684562,0.437279549906,-0.0268199192197,2.3231286821,0.0608848044676,0.39250931088,0.290973448847,0.0,0.325786005292,0.0456099761604,0.127825759021,0.0,-1.97668699517,-0.0513700304169,-0.628503179957,-11.3950920594,-0.706476528987,-3.75081817552,-0.0763291050556,-0.313371513165,0.0273173281664
1624448687920836330,7679,1624448687921373326,,iri_wam_joint_1,iri_wam_joint_2,iri_wam_joint_3,iri_wam_joint_4,iri_wam_joint_5,iri_wam_joint_6,iri_wam_joint_7,-1.19858684562,0.437279549906,-0.0268199192197,2.3231286821,0.0608848044676,0.39250931088,0.290973448847,0.0,0.325786005292,0.0456099761604,0.127825759021,0.0,-1.97668699517,-0.0513700304169,-0.628503179957,-11.3950920594,-0.706476528987,-3.75081817552,-0.0763291050556,-0.313371513165,0.0273173281664
1624448688020900749,7680,1624448688021399077,,iri_wam_joint_1,iri_wam_joint_2,iri_wam_joint_3,iri_wam_joint_4,iri_wam_joint_5,iri_wam_joint_6,iri_wam_joint_7,-1.19884250908,0.469370970991,-0.0372194797334,2.29415348944,0.0513962635116,0.332731502857,0.290767959124,0.0,0.298175104958,-0.318775842664,-0.935938523897,-0.0394725712984,-0.197362856492,-0.153871644311,-1.99770777686,-14.1142503126,-1.67598937213,-5.79034549449,-0.103414408949,0.0700704316129,-0.0135847871569
1624448688022263571,7681,1624448688022785484,,iri_wam_joint_1,iri_wam_joint_2,iri_wam_joint_3,iri_wam_joint_4,iri_wam_joint_5,iri_wam_joint_6,iri_wam_joint_7,-1.19884250908,0.469968273244,-0.0377668250236,2.29236384519,0.0513962635116,0.332731502857,0.2905624694,0.0,0.298993582989,-0.273986459011,-0.895848197515,0.0,0.0,-0.10286267697,-1.97202667966,-14.2222159488,-1.66015957525,-5.74954633001,-0.118876251986,0.0479602756164,-0.0287456224527
1624448688122042391,7682,1624448688122578091,,iri_wam_joint_1,iri_wam_joint_2,iri_wam_joint_3,iri_wam_joint_4,iri_wam_joint_5,iri_wam_joint_6,iri_wam_joint_7,-1.19957297613,0.492312807553,-0.0693760155325,2.18379209386,0.0367680962045,0.396541940786,0.281726411278,-0.0365652325516,0.149496791494,-0.342483073764,-1.49308032919,-0.27706645284,0.752037514851,0.0,-1.32630338936,-15.8411353878,-1.12611277555,-4.31218697054,-0.0276400339778,0.691537025831,-0.0694833285688
1624448688122317180,7683,1624448688122912366,,iri_wam_joint_1,iri_wam_joint_2,iri_wam_joint_3,iri_wam_joint_4,iri_wam_joint_5,iri_wam_joint_6,iri_wam_joint_7,-1.19964602283,0.492665758884,-0.0700601971453,2.18123545922,0.0363727403313,0.398360577802,0.281623666416,-0.0364651372948,0.176194380203,-0.341545545712,-1.27627980531,-0.197362856492,0.907869139863,-0.0512905481037,-1.24427323567,-15.9928893272,-1.07125585591,-4.39489815404,-0.0303206030391,0.61029235795,-0.0773599453048
1624448688222207325,7684,1624448688222762802,,iri_wam_joint_1,iri_wam_joint_2,iri_wam_joint_3,iri_wam_joint_4,iri_wam_joint_5,iri_wam_joint_6,iri_wam_joint_7,-1.20092434015,0.50474755447,-0.0916347240005,2.06354504433,0.0324191815996,0.520130186738,0.268266834372,-0.0182608227173,0.0407232506615,-0.159634916561,-1.10782324485,0.197668699517,0.751141058163,-0.308220182502,-1.52788324364,-17.0808477992,-1.30898924585,-3.99046221956,0.0124799001002,0.600388966343,-0.0762213299845
1624448688222420383,7685,1624448688223006630,,iri_wam_joint_1,iri_wam_joint_2,iri_wam_joint_3,iri_wam_joint_4,iri_wam_joint_5,iri_wam_joint_6,iri_wam_joint_7,-1.20092434015,0.50474755447,-0.0916347240005,2.06354504433,0.0324191815996,0.520130186738,0.268266834372,-0.0182608227173,0.0407232506615,-0.159634916561,-1.10782324485,0.197668699517,0.751141058163,-0.308220182502,-1.52788324364,-17.0808477992,-1.30898924585,-3.99046221956,0.0124799001002,0.600388966343,-0.0762213299845
1624448688322381463,7686,1624448688322894637,,iri_wam_joint_1,iri_wam_joint_2,iri_wam_joint_3,iri_wam_joint_4,iri_wam_joint_5,iri_wam_joint_6,iri_wam_joint_7,-1.20125305032,0.505860708671,-0.0990694975257,1.98232928372,0.0414332955078,0.609164329375,0.254293533156,-0.0182673553273,-0.0271585459734,-0.0456262926317,-0.554109778263,0.0,0.949149184018,-0.0513884074848,-2.32744598979,-16.760769042,-1.89115544465,-3.49841094048,-0.0312798463294,0.435954527303,-0.0552206460041
1624448688322518561,7687,1624448688323101485,,iri_wam_joint_1,iri_wam_joint_2,iri_wam_joint_3,iri_wam_joint_4,iri_wam_joint_5,iri_wam_joint_6,iri_wam_joint_7,-1.20125305032,0.505860708671,-0.0990694975257,1.98232928372,0.0414332955078,0.609164329375,0.254293533156,-0.0182673553273,-0.0271585459734,-0.0456262926317,-0.554109778263,0.0,0.949149184018,-0.0513884074848,-2.32744598979,-16.760769042,-1.89115544465,-3.49841094048,-0.0312798463294,0.435954527303,-0.0552206460041
1624448688422511969,7688,1624448688423029457,,iri_wam_joint_1,iri_wam_joint_2,iri_wam_joint_3,iri_wam_joint_4,iri_wam_joint_5,iri_wam_joint_6,iri_wam_joint_7,-1.20128957367,0.504123102114,-0.102718466127,1.97559681249,0.0430147190005,0.635257817004,0.250080993819,0.0,0.0136019808011,0.02285129539,0.0853902128066,-0.0396140162505,-0.0396140162505,0.0,-2.02033359601,-16.4779012334,-1.67660558171,-3.72741375157,0.00254085154935,0.218915482648,-0.0501839244712
1624448688422601160,7689,1624448688423192881,,iri_wam_joint_1,iri_wam_joint_2,iri_wam_joint_3,iri_wam_joint_4,iri_wam_joint_5,iri_wam_joint_6,iri_wam_joint_7,-1.20128957367,0.504123102114,-0.102718466127,1.97559681249,0.0430147190005,0.635257817004,0.250080993819,0.0,0.0136019808011,0.02285129539,0.0853902128066,-0.0396140162505,-0.0396140162505,0.0,-2.02033359601,-16.4779012334,-1.67660558171,-3.72741375157,0.00254085154935,0.218915482648,-0.0501839244712
1624448688522601193,7690,1624448688523165906,,iri_wam_joint_1,iri_wam_joint_2,iri_wam_joint_3,iri_wam_joint_4,iri_wam_joint_5,iri_wam_joint_6,iri_wam_joint_7,-1.20128957367,0.504801854675,-0.1037675446,1.97798300482,0.0431728613498,0.635099674655,0.249361779786,0.0,0.0,0.0,0.0425984305575,0.0,0.0,0.0,-1.86130815988,-16.6920446902,-1.57156985608,-3.92874413475,0.00099619350484,0.164424327947,-0.0679478672575
1624448688522715753,7691,1624448688523280243,,iri_wam_joint_1,iri_wam_joint_2,iri_wam_joint_3,iri_wam_joint_4,iri_wam_joint_5,iri_wam_joint_6,iri_wam_joint_7,-1.20128957367,0.504801854675,-0.1037675446,1.97798300482,0.0431728613498,0.635099674655,0.249361779786,0.0,0.0,0.0,0.0425984305575,0.0,0.0,0.0,-1.86130815988,-16.6920446902,-1.57156985608,-3.92874413475,0.00099619350484,0.164424327947,-0.0679478672575
1624448688622766307,7692,1624448688623295271,,iri_wam_joint_1,iri_wam_joint_2,iri_wam_joint_3,iri_wam_joint_4,iri_wam_joint_5,iri_wam_joint_6,iri_wam_joint_7,-1.20132609703,0.50485615488,-0.1037675446,1.97798300482,0.0432519325244,0.634862461131,0.248950800338,0.0,0.0,0.0,0.0,0.0,0.0,0.0513761546456,-1.85007325534,-16.6780836488,-1.56227743344,-3.89050371184,-0.00504242449497,0.181463969947,-0.0749089566409
1624448688622844425,7693,1624448688623402963,,iri_wam_joint_1,iri_wam_joint_2,iri_wam_joint_3,iri_wam_joint_4,iri_wam_joint_5,iri_wam_joint_6,iri_wam_joint_7,-1.20132609703,0.50485615488,-0.1037675446,1.97798300482,0.0432519325244,0.634862461131,0.248950800338,0.0,0.0,0.0,0.0,0.0,0.0,0.0513761546456,-1.85007325534,-16.6780836488,-1.56227743344,-3.89050371184,-0.00504242449497,0.181463969947,-0.0749089566409
1624448688722874266,7694,1624448688723409730,,iri_wam_joint_1,iri_wam_joint_2,iri_wam_joint_3,iri_wam_joint_4,iri_wam_joint_5,iri_wam_joint_6,iri_wam_joint_7,-1.20132609703,0.504883304983,-0.103904380922,1.97798300482,0.0431728613498,0.634783389956,0.248642565752,0.0,-0.0271553078017,0.0,0.0426187469665,0.0,0.0,0.0,-1.84700659428,-16.6580661083,-1.56180767809,-3.90993956373,0.00944203173958,0.174234723916,-0.0595912864083
1624448688724013066,7695,1624448688723514199,,iri_wam_joint_1,iri_wam_joint_2,iri_wam_joint_3,iri_wam_joint_4,iri_wam_joint_5,iri_wam_joint_6,iri_wam_joint_7,-1.20132609703,0.504883304983,-0.103904380922,1.97798300482,0.0431728613498,0.634783389956,0.248642565752,0.0,-0.0271553078017,0.0,0.0426187469665,0.0,0.0,0.0,-1.84700659428,-16.6580661083,-1.56180767809,-3.90993956373,0.00944203173958,0.174234723916,-0.0595912864083
1624448688823967806,7696,1624448688823528871,,iri_wam_joint_1,iri_wam_joint_2,iri_wam_joint_3,iri_wam_joint_4,iri_wam_joint_5,iri_wam_joint_6,iri_wam_joint_7,-1.20132609703,0.504883304983,-0.103904380922,1.97798300482,0.0431728613498,0.634783389956,0.248642565752,0.0,0.0,0.0,0.0,0.0,0.0,0.0,-1.84903028009,-16.6824089166,-1.56382091484,-3.88948613409,0.00975561317879,0.182776619939,-0.0591681573857
1624448688824133686,7697,1624448688824711701,,iri_wam_joint_1,iri_wam_joint_2,iri_wam_joint_3,iri_wam_joint_4,iri_wam_joint_5,iri_wam_joint_6,iri_wam_joint_7,-1.20132609703,0.504883304983,-0.103904380922,1.97798300482,0.0431728613498,0.634783389956,0.248539820891,0.0,0.0,0.0,0.0,0.0,0.0,-0.0514620474287,-1.86250097279,-16.6827504898,-1.57546133056,-3.88912199151,0.0205960398866,0.18279508186,-0.0456896173907
1624448688924149299,7698,1624448688924676032,,iri_wam_joint_1,iri_wam_joint_2,iri_wam_joint_3,iri_wam_joint_4,iri_wam_joint_5,iri_wam_joint_6,iri_wam_joint_7,-1.20132609703,0.504910455085,-0.10394999303,1.97798300482,0.0431728613498,0.634783389956,0.248539820891,0.0,0.0,0.0,0.0,0.0,0.0790297972237,0.0,-1.84502781915,-16.7020836238,-1.56221298997,-3.9155578582,0.0110801986705,0.162830550025,-0.0582166369482
1624448688924228456,7699,1624448688924837846,,iri_wam_joint_1,iri_wam_joint_2,iri_wam_joint_3,iri_wam_joint_4,iri_wam_joint_5,iri_wam_joint_6,iri_wam_joint_7,-1.20132609703,0.504910455085,-0.10394999303,1.97798300482,0.0431728613498,0.634783389956,0.248539820891,0.0,0.0,0.0,0.0,0.0,0.0790297972237,0.0,-1.84502781915,-16.7020836238,-1.56221298997,-3.9155578582,0.0110801986705,0.162830550025,-0.0582166369482
1624448689024346844,7700,1624448689024825025,,iri_wam_joint_1,iri_wam_joint_2,iri_wam_joint_3,iri_wam_joint_4,iri_wam_joint_5,iri_wam_joint_6,iri_wam_joint_7,-1.20132609703,0.504910455085,-0.10394999303,1.97798300482,0.0431728613498,0.634941532305,0.248437076029,0.0,0.0135744168872,-0.0228049880802,0.0,-0.0395337399033,0.0395337399034,0.0,-1.82438378966,-16.7190909903,-1.54481766504,-3.91451093867,0.0213420485994,0.167959754019,-0.0537960722632
1624448689024594589,7701,1624448689024928774,,iri_wam_joint_1,iri_wam_joint_2,iri_wam_joint_3,iri_wam_joint_4,iri_wam_joint_5,iri_wam_joint_6,iri_wam_joint_7,-1.20132609703,0.504910455085,-0.10394999303,1.97798300482,0.0431728613498,0.634941532305,0.248437076029,0.0,0.0135744168872,-0.0228049880802,0.0,-0.0395337399033,0.0395337399034,0.0,-1.82438378966,-16.7190909903,-1.54481766504,-3.91451093867,0.0213420485994,0.167959754019,-0.0537960722632
1624448689124611883,7702,1624448689125150522,,iri_wam_joint_1,iri_wam_joint_2,iri_wam_joint_3,iri_wam_joint_4,iri_wam_joint_5,iri_wam_joint_6,iri_wam_joint_7,-1.20132609703,0.504910455085,-0.10394999303,1.97789778367,0.0431728613498,0.634783389956,0.248437076029,0.0,0.0,0.0,0.0,0.0,0.0,0.0,-1.84661567139,-16.6836413531,-1.56251824022,-3.88353594379,0.0122927200163,0.184745245633,-0.0566273446999
1624448689124692567,7703,1624448689125255466,,iri_wam_joint_1,iri_wam_joint_2,iri_wam_joint_3,iri_wam_joint_4,iri_wam_joint_5,iri_wam_joint_6,iri_wam_joint_7,-1.20132609703,0.504910455085,-0.10394999303,1.97789778367,0.0431728613498,0.634783389956,0.248437076029,0.0,0.0,0.0,0.0,0.0,0.0,0.0,-1.84661567139,-16.6836413531,-1.56251824022,-3.88353594379,0.0122927200163,0.184745245633,-0.0566273446999
1624448689224564866,7704,1624448689225048776,,iri_wam_joint_1,iri_wam_joint_2,iri_wam_joint_3,iri_wam_joint_4,iri_wam_joint_5,iri_wam_joint_6,iri_wam_joint_7,-1.20132609703,0.504883304983,-0.103995605138,1.97789778367,0.0432519325244,0.634862461131,0.248334331167,0.0,-0.0135857531933,-0.0228240330475,-0.0426441697457,0.0,0.0,-0.0514129307048,-1.82839250421,-16.6292526589,-1.54826258497,-3.84101502239,0.0210245249995,0.199807821025,-0.0491120290235
1624448689224759540,7705,1624448689225347079,,iri_wam_joint_1,iri_wam_joint_2,iri_wam_joint_3,iri_wam_joint_4,iri_wam_joint_5,iri_wam_joint_6,iri_wam_joint_7,-1.20132609703,0.504883304983,-0.103995605138,1.97789778367,0.0432519325244,0.634862461131,0.248334331167,0.0,-0.0135857531933,-0.0228240330475,-0.0426441697457,0.0,0.0,-0.0514129307048,-1.82839250421,-16.6292526589,-1.54826258497,-3.84101502239,0.0210245249995,0.199807821025,-0.0491120290235
1624448689324647348,7706,1624448689325180935,,iri_wam_joint_1,iri_wam_joint_2,iri_wam_joint_3,iri_wam_joint_4,iri_wam_joint_5,iri_wam_joint_6,iri_wam_joint_7,-1.20132609703,0.50485615488,-0.10394999303,1.97798300482,0.0431728613498,0.634783389956,0.248334331167,0.0,0.0,0.0,0.0,-0.039538453034,-0.039538453034,0.0,-1.8511104514,-16.6696250673,-1.56385967077,-3.87568982345,0.0229465047399,0.192996909252,-0.0477488020361
1624448689324861036,7707,1624448689325442397,,iri_wam_joint_1,iri_wam_joint_2,iri_wam_joint_3,iri_wam_joint_4,iri_wam_joint_5,iri_wam_joint_6,iri_wam_joint_7,-1.20132609703,0.50485615488,-0.10394999303,1.97798300482,0.0431728613498,0.634783389956,0.248334331167,0.0,0.0,0.0,0.0,-0.039538453034,-0.039538453034,0.0,-1.8511104514,-16.6696250673,-1.56385967077,-3.87568982345,0.0229465047399,0.192996909252,-0.0477488020361
1624448689424761708,7708,1624448689425315488,,iri_wam_joint_1,iri_wam_joint_2,iri_wam_joint_3,iri_wam_joint_4,iri_wam_joint_5,iri_wam_joint_6,iri_wam_joint_7,-1.20132609703,0.504937605188,-0.103995605138,1.97789778367,0.0432519325244,0.634862461131,0.248334331167,0.0,0.0135776539009,-0.0228104262555,0.0,0.0,0.0,0.0,-1.81657978734,-16.7118918803,-1.54060296915,-3.89417786966,0.0119800522102,0.181138578531,-0.0611232853432
1624448689424954977,7709,1624448689425537121,,iri_wam_joint_1,iri_wam_joint_2,iri_wam_joint_3,iri_wam_joint_4,iri_wam_joint_5,iri_wam_joint_6,iri_wam_joint_7,-1.20132609703,0.504937605188,-0.103995605138,1.97789778367,0.0432519325244,0.634862461131,0.248334331167,0.0,0.0135776539009,-0.0228104262555,0.0,0.0,0.0,0.0,-1.81657978734,-16.7118918803,-1.54060296915,-3.89417786966,0.0119800522102,0.181138578531,-0.0611232853432
1624448689524914612,7710,1624448689525458665,,iri_wam_joint_1,iri_wam_joint_2,iri_wam_joint_3,iri_wam_joint_4,iri_wam_joint_5,iri_wam_joint_6,iri_wam_joint_7,-1.20132609703,0.504910455085,-0.10394999303,1.97798300482,0.0434891460483,0.634941532305,0.248231586305,-0.0182217249643,0.0,0.0,0.0,0.0,0.0,-0.0512600434361,-1.83225376407,-16.6888163062,-1.55513623413,-3.89461243188,0.0177758815538,0.180056250708,-0.0497062456646
1624448689526399256,7711,1624448689526902613,,iri_wam_joint_1,iri_wam_joint_2,iri_wam_joint_3,iri_wam_joint_4,iri_wam_joint_5,iri_wam_joint_6,iri_wam_joint_7,-1.20128957367,0.504910455085,-0.10394999303,1.97798300482,0.0434100748737,0.63502060348,0.248231586305,0.0182608227172,0.0,0.0,0.0,-0.0395337399033,0.0395337399033,0.0,-1.88875529281,-16.6983428969,-1.5932485587,-3.9083122814,0.0221539783071,0.168689255441,-0.0442872901654
1624448689626030690,7712,1624448689625592806,,iri_wam_joint_1,iri_wam_joint_2,iri_wam_joint_3,iri_wam_joint_4,iri_wam_joint_5,iri_wam_joint_6,iri_wam_joint_7,-1.20132609703,0.504910455085,-0.10394999303,1.97798300482,0.0434891460483,0.634941532305,0.248231586305,0.0,0.0,0.0,0.0,0.0,0.0,0.0,-1.84930026138,-16.6891209556,-1.56588399343,-3.89445425296,0.0098142481603,0.179998795824,-0.0574032428485
1624448689626461572,7713,1624448689627046784,,iri_wam_joint_1,iri_wam_joint_2,iri_wam_joint_3,iri_wam_joint_4,iri_wam_joint_5,iri_wam_joint_6,iri_wam_joint_7,-1.20132609703,0.504910455085,-0.10394999303,1.97798300482,0.0434100748737,0.63502060348,0.248231586305,0.0,0.0,0.0,0.0,-0.0395196072508,0.0395196072508,0.0,-1.85314973219,-16.6975331676,-1.56745938507,-3.90889760334,0.0204854822069,0.168770361194,-0.0490758433579
1624448689726238448,7714,1624448689726736552,,iri_wam_joint_1,iri_wam_joint_2,iri_wam_joint_3,iri_wam_joint_4,iri_wam_joint_5,iri_wam_joint_6,iri_wam_joint_7,-1.20132609703,0.50496475529,-0.10394999303,1.97798300482,0.0434891460483,0.634941532305,0.248231586305,0.0,0.0135744168871,-0.0228049880802,0.0426085863403,0.0,0.0,0.0513700304169,-1.81075919277,-16.746175871,-1.53669899624,-3.94017106153,-5.62289591604e-05,0.164059865722,-0.0740747404999
1624448689726595369,7715,1624448689727148620,,iri_wam_joint_1,iri_wam_joint_2,iri_wam_joint_3,iri_wam_joint_4,iri_wam_joint_5,iri_wam_joint_6,iri_wam_joint_7,-1.20132609703,0.50496475529,-0.10394999303,1.97798300482,0.0434891460483,0.634941532305,0.248231586305,0.0,0.0135744168871,-0.0228049880802,0.0426085863403,0.0,0.0,0.0513700304169,-1.81075919277,-16.746175871,-1.53669899624,-3.94017106153,-5.62289591604e-05,0.164059865722,-0.0740747404999
1624448689826324176,7716,1624448689826875068,,iri_wam_joint_1,iri_wam_joint_2,iri_wam_joint_3,iri_wam_joint_4,iri_wam_joint_5,iri_wam_joint_6,iri_wam_joint_7,-1.20132609703,0.504937605188,-0.103904380922,1.97798300482,0.0432519325244,0.634862461131,0.248231586305,0.0,0.0,0.0,0.0,0.0,0.0,0.0,-1.85546578523,-16.6949619348,-1.56993940508,-3.8938961898,0.0134553602883,0.181069088227,-0.0539539352403
1624448689826664662,7717,1624448689827251051,,iri_wam_joint_1,iri_wam_joint_2,iri_wam_joint_3,iri_wam_joint_4,iri_wam_joint_5,iri_wam_joint_6,iri_wam_joint_7,-1.20132609703,0.504937605188,-0.103904380922,1.97798300482,0.0432519325244,0.634862461131,0.248231586305,0.0,0.0,0.0,0.0,0.0,0.0,0.0,-1.85546578523,-16.6949619348,-1.56993940508,-3.8938961898,0.0134553602883,0.181069088227,-0.0539539352403
1624448689926525752,7718,1624448689927030529,,iri_wam_joint_1,iri_wam_joint_2,iri_wam_joint_3,iri_wam_joint_4,iri_wam_joint_5,iri_wam_joint_6,iri_wam_joint_7,-1.20132609703,0.504937605188,-0.103904380922,1.97798300482,0.0432519325244,0.634704318781,0.248231586305,0.0,-0.0135808924587,0.022815867025,0.0,-0.039552599171,-0.039552599171,0.0,-1.88467188302,-16.6650433228,-1.58981193975,-3.87033030547,0.0232948949347,0.195748240113,-0.0420395624035
1624448689926795180,7719,1624448689927364324,,iri_wam_joint_1,iri_wam_joint_2,iri_wam_joint_3,iri_wam_joint_4,iri_wam_joint_5,iri_wam_joint_6,iri_wam_joint_7,-1.20132609703,0.504937605188,-0.103904380922,1.97798300482,0.0432519325244,0.634704318781,0.248231586305,0.0,-0.0135808924587,0.022815867025,0.0,-0.039552599171,-0.039552599171,0.0,-1.88467188302,-16.6650433228,-1.58981193975,-3.87033030547,0.0232948949347,0.195748240113,-0.0420395624035
1624448690026798638,7720,1624448690027186486,,iri_wam_joint_1,iri_wam_joint_2,iri_wam_joint_3,iri_wam_joint_4,iri_wam_joint_5,iri_wam_joint_6,iri_wam_joint_7,-1.20132609703,0.504910455085,-0.10394999303,1.97798300482,0.043331003699,0.634783389956,0.248231586305,0.0,-0.0135744168872,-0.0228049880802,0.0,0.0,0.0,0.0,-1.82257945278,-16.6623008566,-1.54392157705,-3.8831482672,0.0114643324743,0.185400625952,-0.0601424227888
1624448690026936181,7721,1624448690027486088,,iri_wam_joint_1,iri_wam_joint_2,iri_wam_joint_3,iri_wam_joint_4,iri_wam_joint_5,iri_wam_joint_6,iri_wam_joint_7,-1.20132609703,0.504910455085,-0.10394999303,1.97798300482,0.043331003699,0.634783389956,0.248231586305,0.0,-0.0135744168872,-0.0228049880802,0.0,0.0,0.0,0.0,-1.82257945278,-16.6623008566,-1.54392157705,-3.8831482672,0.0114643324743,0.185400625952,-0.0601424227888
1624448690126783531,7722,1624448690127334058,,iri_wam_joint_1,iri_wam_joint_2,iri_wam_joint_3,iri_wam_joint_4,iri_wam_joint_5,iri_wam_joint_6,iri_wam_joint_7,-1.20132609703,0.50496475529,-0.10394999303,1.97789778367,0.0432519325244,0.634704318781,0.248231586305,0.0,0.0,0.0,0.0,0.0,0.0,0.0,-1.8498688746,-16.6948393237,-1.5657937114,-3.88417345329,0.0135397183365,0.185671074915,-0.0544660538213
1624448690127013599,7723,1624448690127589980,,iri_wam_joint_1,iri_wam_joint_2,iri_wam_joint_3,iri_wam_joint_4,iri_wam_joint_5,iri_wam_joint_6,iri_wam_joint_7,-1.20132609703,0.50496475529,-0.10394999303,1.97789778367,0.0432519325244,0.634704318781,0.248231586305,0.0,0.0,0.0,0.0,0.0,0.0,0.0,-1.8498688746,-16.6948393237,-1.5657937114,-3.88417345329,0.0135397183365,0.185671074915,-0.0544660538213
1624448690226928527,7724,1624448690227465743,,iri_wam_joint_1,iri_wam_joint_2,iri_wam_joint_3,iri_wam_joint_4,iri_wam_joint_5,iri_wam_joint_6,iri_wam_joint_7,-1.20132609703,0.504937605188,-0.103995605138,1.97798300482,0.0432519325244,0.634862461131,0.248128841443,0.0,0.0,0.0,0.0,0.0,0.0,0.0,-1.84518091825,-16.6940725674,-1.56272681467,-3.89386274545,0.0148506728683,0.181183103657,-0.0536024153306
1624448690228204074,7725,1624448690228780115,,iri_wam_joint_1,iri_wam_joint_2,iri_wam_joint_3,iri_wam_joint_4,iri_wam_joint_5,iri_wam_joint_6,iri_wam_joint_7,-1.20132609703,0.504910455085,-0.10394999303,1.97798300482,0.0432519325244,0.634862461131,0.248128841443,0.0,-0.0135727989591,0.0228022699648,0.0,0.0,0.0,0.0,-1.87675126381,-16.666463154,-1.58619963968,-3.88509398743,0.0151533965319,0.183471335165,-0.0485247984777
1624448690327063740,7726,1624448690327601188,,iri_wam_joint_1,iri_wam_joint_2,iri_wam_joint_3,iri_wam_joint_4,iri_wam_joint_5,iri_wam_joint_6,iri_wam_joint_7,-1.20132609703,0.504910455085,-0.10394999303,1.97798300482,0.0434891460483,0.634941532305,0.248128841443,-0.0182499454104,0.0,0.0,0.0,0.0,0.0,-0.0513394311612,-1.8337944401,-16.6888366766,-1.55647559585,-3.89455365901,0.019003867823,0.180074579254,-0.0481655723071
1624448690328326922,7727,1624448690328901468,,iri_wam_joint_1,iri_wam_joint_2,iri_wam_joint_3,iri_wam_joint_4,iri_wam_joint_5,iri_wam_joint_6,iri_wam_joint_7,-1.20132609703,0.504910455085,-0.10394999303,1.97798300482,0.0434891460483,0.634941532305,0.248128841443,0.0,0.0,0.0,0.0,0.0,0.0,0.0,-1.8508409374,-16.689141326,-1.56722335516,-3.89439548009,0.0110422344296,0.18001712437,-0.0558625694909
1624448690428256493,7728,1624448690428793528,,iri_wam_joint_1,iri_wam_joint_2,iri_wam_joint_3,iri_wam_joint_4,iri_wam_joint_5,iri_wam_joint_6,iri_wam_joint_7,-1.20132609703,0.504937605188,-0.103995605138,1.97798300482,0.043331003699,0.634783389956,0.248128841443,0.0,0.0,0.0,0.0,0.0,0.0,-0.0513822803347,-1.8570052827,-16.6936969065,-1.57308179817,-3.89159682539,0.0232280446709,0.182516559857,-0.0425954439228
1624448690428407582,7729,1624448690429000008,,iri_wam_joint_1,iri_wam_joint_2,iri_wam_joint_3,iri_wam_joint_4,iri_wam_joint_5,iri_wam_joint_6,iri_wam_joint_7,-1.20132609703,0.504937605188,-0.103995605138,1.97798300482,0.043331003699,0.634783389956,0.248128841443,0.0,0.0,0.0,0.0,0.0,0.0,-0.0513822803347,-1.8570052827,-16.6936969065,-1.57308179817,-3.89159682539,0.0232280446709,0.182516559857,-0.0425954439228
1624448690528391148,7730,1624448690528940933,,iri_wam_joint_1,iri_wam_joint_2,iri_wam_joint_3,iri_wam_joint_4,iri_wam_joint_5,iri_wam_joint_6,iri_wam_joint_7,-1.20132609703,0.504910455085,-0.10394999303,1.97798300482,0.0432519325244,0.634862461131,0.248231586305,0.0,-0.0135792729867,0.0228131463158,0.0,-0.0395478826674,0.0395478826675,0.0513884074848,-1.86702349527,-16.6738390881,-1.57618712465,-3.8979431788,0.0137492858571,0.173557581445,-0.0546060434435
1624448690528518727,7731,1624448690529094863,,iri_wam_joint_1,iri_wam_joint_2,iri_wam_joint_3,iri_wam_joint_4,iri_wam_joint_5,iri_wam_joint_6,iri_wam_joint_7,-1.20132609703,0.504910455085,-0.10394999303,1.97798300482,0.0432519325244,0.634862461131,0.248231586305,0.0,-0.0135792729867,0.0228131463158,0.0,-0.0395478826674,0.0395478826675,0.0513884074848,-1.86702349527,-16.6738390881,-1.57618712465,-3.8979431788,0.0137492858571,0.173557581445,-0.0546060434435
1624448690628561488,7732,1624448690629075182,,iri_wam_joint_1,iri_wam_joint_2,iri_wam_joint_3,iri_wam_joint_4,iri_wam_joint_5,iri_wam_joint_6,iri_wam_joint_7,-1.20132609703,0.504937605188,-0.103995605138,1.97798300482,0.043331003699,0.634783389956,0.248231586305,0.0,0.0,-0.0455448268074,0.0,0.0,0.0,0.0512966533945,-1.77907816004,-16.6895906039,-1.5101472601,-3.89222384675,0.00154893604817,0.183112702444,-0.0771578740623
1624448690628645833,7733,1624448690629181678,,iri_wam_joint_1,iri_wam_joint_2,iri_wam_joint_3,iri_wam_joint_4,iri_wam_joint_5,iri_wam_joint_6,iri_wam_joint_7,-1.20132609703,0.504937605188,-0.103995605138,1.97798300482,0.043331003699,0.634783389956,0.248231586305,0.0,0.0,-0.0455448268074,0.0,0.0,0.0,0.0512966533945,-1.77907816004,-16.6895906039,-1.5101472601,-3.89222384675,0.00154893604817,0.183112702444,-0.0771578740623
1624448690728666458,7734,1624448690729210092,,iri_wam_joint_1,iri_wam_joint_2,iri_wam_joint_3,iri_wam_joint_4,iri_wam_joint_5,iri_wam_joint_6,iri_wam_joint_7,-1.20132609703,0.50496475529,-0.10394999303,1.97798300482,0.043331003699,0.634783389956,0.248231586305,0.0,0.0,0.0,0.0,0.0,0.0,0.0513577863386,-1.83765600242,-16.6994170795,-1.55568781759,-3.89361294216,0.00270464367963,0.182228053818,-0.0674118947552
1624448690728766270,7735,1624448690729310778,,iri_wam_joint_1,iri_wam_joint_2,iri_wam_joint_3,iri_wam_joint_4,iri_wam_joint_5,iri_wam_joint_6,iri_wam_joint_7,-1.20132609703,0.50496475529,-0.10394999303,1.97798300482,0.043331003699,0.634783389956,0.248231586305,0.0,0.0,0.0,0.0,0.0,0.0,0.0513577863386,-1.83765600242,-16.6994170795,-1.55568781759,-3.89361294216,0.00270464367963,0.182228053818,-0.0674118947552
