%time,field.header.seq,field.header.stamp,field.header.frame_id,field.pose.position.x,field.pose.position.y,field.pose.position.z,field.pose.orientation.x,field.pose.orientation.y,field.pose.orientation.z,field.pose.orientation.w
1624448714788569983,8214,1624448714789050112,iri_wam_link_base,-0.000953501692094,-0.404698609984,0.343534152041,0.705910027027,0.708273947239,0.00194276461843,0.00594052858651
1624448714788618212,8215,1624448714789176299,iri_wam_link_base,-0.000953501692094,-0.404698609984,0.343534152041,0.705910027027,0.708273947239,0.00194276461843,0.00594052858651
1624448714888685861,8216,1624448714889171386,iri_wam_link_base,-0.000975499449221,-0.404683628798,0.343545488594,0.705873787403,0.708310425282,0.00194366695359,0.00590101676062
1624448714888745060,8217,1624448714889294729,iri_wam_link_base,-0.000975499449221,-0.404683628798,0.343545488594,0.705873787403,0.708310425282,0.00194366695359,0.00590101676062
1624448714988765700,8218,1624448714989270406,iri_wam_link_base,-0.000976181704244,-0.404697623906,0.343534059059,0.705891788006,0.708292663097,0.00190214137547,0.00588920060545
1624448714988862461,8219,1624448714989396414,iri_wam_link_base,-0.000976181704244,-0.404697623906,0.343534059059,0.705891788006,0.708292663097,0.00190214137547,0.00588920060545
1624448715089816298,8220,1624448715089395270,iri_wam_link_base,-0.000976651161284,-0.404693190466,0.343545529899,0.70591044426,0.708273649216,0.00188169418834,0.00594963785261
1624448715090019986,8221,1624448715090459089,iri_wam_link_base,-0.000976651161284,-0.404693190466,0.343545529899,0.70591044426,0.708273649216,0.00188169418834,0.00594963785261
1624448715190070984,8222,1624448715189494117,iri_wam_link_base,-0.000976651161284,-0.404693190466,0.343545529899,0.70591044426,0.708273649216,0.00188169418834,0.00594963785261
1624448715190136769,8223,1624448715190706859,iri_wam_link_base,-0.000976651161284,-0.404693190466,0.343545529899,0.70591044426,0.708273649216,0.00188169418834,0.00594963785261
1624448715290161340,8224,1624448715290672146,iri_wam_link_base,-0.000961400789788,-0.404697659289,0.343534059059,0.705878853798,0.708305537701,0.00190224894322,0.00588916521519
1624448715290249901,8225,1624448715290811282,iri_wam_link_base,-0.000961400789788,-0.404697659289,0.343534059059,0.705878853798,0.708305537701,0.00190224894322,0.00588916521519
1624448715390287767,8226,1624448715390803937,iri_wam_link_base,-0.000976651161284,-0.404693190466,0.343545529899,0.70591044426,0.708273649216,0.00188169418834,0.00594963785261
1624448715390372164,8227,1624448715390926984,iri_wam_link_base,-0.000976651161284,-0.404693190466,0.343545529899,0.70591044426,0.708273649216,0.00188169418834,0.00594963785261
1624448715490412581,8228,1624448715490911599,iri_wam_link_base,-0.000958404131375,-0.404686506333,0.343510834075,0.705896735191,0.708287477493,0.00192345271353,0.0059113255702
1624448715490501053,8229,1624448715491043721,iri_wam_link_base,-0.000958404131375,-0.404686506333,0.343510834075,0.705896735191,0.708287477493,0.00192345271353,0.0059113255702
1624448715590564210,8230,1624448715591034496,iri_wam_link_base,-0.000975499449221,-0.404683628798,0.343545488594,0.705946564674,0.708237826824,0.00194427359384,0.00590081652626
1624448715590616239,8231,1624448715591164690,iri_wam_link_base,-0.000975499449221,-0.404683628798,0.343545488594,0.705946564674,0.708237826824,0.00194427359384,0.00590081652626
1624448715690668010,8232,1624448715691148029,iri_wam_link_base,-0.000977027653834,-0.40467678203,0.343522237383,0.705949008465,0.708235323429,0.00191408302635,0.0059216581285
1624448715690798443,8233,1624448715691281461,iri_wam_link_base,-0.000977027653834,-0.40467678203,0.343522237383,0.705949008465,0.708235323429,0.00191408302635,0.0059216581285
1624448715790754348,8234,1624448715791269829,iri_wam_link_base,-0.000973654455981,-0.404682038444,0.343522304814,0.705928325653,0.708255589008,0.00190289644524,0.00597179634497
1624448715791371747,8235,1624448715791397295,iri_wam_link_base,-0.000973654455981,-0.404682038444,0.343522304814,0.705928325653,0.708255589008,0.00190289644524,0.00597179634497
1624448715890902644,8236,1624448715891386456,iri_wam_link_base,-0.000976651161284,-0.404693190466,0.343545529899,0.70591044426,0.708273649216,0.00188169418834,0.00594963785261
1624448715892091535,8237,1624448715891513751,iri_wam_link_base,-0.000976651161284,-0.404693190466,0.343545529899,0.70591044426,0.708273649216,0.00188169418834,0.00594963785261
1624448715992150613,8238,1624448715991500856,iri_wam_link_base,-0.000958026872053,-0.404702915409,0.343534126128,0.705894589424,0.708289504051,0.00189136958215,0.00593920843676
1624448715992236925,8239,1624448715992776976,iri_wam_link_base,-0.000958404131375,-0.404686506333,0.343510834075,0.705896735191,0.708287477493,0.00192345271353,0.0059113255702
1624448716096676009,8240,1624448716095863234,iri_wam_link_base,-0.000972125787769,-0.404688885244,0.343545555695,0.705925941467,0.708258032799,0.00193309015594,0.00595095939934
1624448716096741654,8241,1624448716095863234,iri_wam_link_base,-0.000972125787769,-0.404688885244,0.343545555695,0.705925941467,0.708258032799,0.00193309015594,0.00595095939934
1624448716192460240,8242,1624448716192909774,iri_wam_link_base,-0.000972502256922,-0.404672476835,0.343522263571,0.705928146839,0.708256006241,0.00196517375298,0.0059230774641
1624448716196932433,8243,1624448716197274973,iri_wam_link_base,-0.000977027653834,-0.40467678203,0.343522237383,0.705912590027,0.708271622658,0.00191377848387,0.00592175638303
1624448716292556335,8244,1624448716293062748,iri_wam_link_base,-0.000977027653834,-0.40467678203,0.343522237383,0.705912590027,0.708271622658,0.00191377848387,0.00592175638303
1624448716296922738,8245,1624448716297431717,iri_wam_link_base,-0.000977027653834,-0.40467678203,0.343522237383,0.705912590027,0.708271622658,0.00191377848387,0.00592175638303
1624448716392710885,8246,1624448716393199114,iri_wam_link_base,-0.000977027653834,-0.40467678203,0.343522237383,0.705912590027,0.708271622658,0.00191377848387,0.00592175638303
1624448716398179607,8247,1624448716397542217,iri_wam_link_base,-0.000977027653834,-0.40467678203,0.343522237383,0.705912590027,0.708271622658,0.00191377848387,0.00592175638303
1624448716492815503,8248,1624448716493331749,iri_wam_link_base,-0.000976181704244,-0.404697623906,0.343534059059,0.705891788006,0.708292663097,0.00190214137547,0.00588920060545
1624448716498297909,8249,1624448716498775993,iri_wam_link_base,-0.000958026872053,-0.404702915409,0.343534126128,0.705894589424,0.708289504051,0.00189136958215,0.00593920843676
1624448716593077699,8250,1624448716593461307,iri_wam_link_base,-0.000977027653834,-0.40467678203,0.343522237383,0.705912590027,0.708271622658,0.00191377848387,0.00592175638303
1624448716598457035,8251,1624448716598896389,iri_wam_link_base,-0.000958026872053,-0.404702915409,0.343534126128,0.705894589424,0.708289504051,0.00189136958215,0.00593920843676
1624448716694194342,8252,1624448716693592663,iri_wam_link_base,-0.000977027653834,-0.40467678203,0.343522237383,0.705912590027,0.708271622658,0.00191377848387,0.00592175638303
1624448716698532573,8253,1624448716699010505,iri_wam_link_base,-0.000972502256922,-0.404672476835,0.343522263571,0.705928146839,0.708256006241,0.00196517375298,0.0059230774641
1624448716794353303,8254,1624448716794824576,iri_wam_link_base,-0.000977027653834,-0.40467678203,0.343522237383,0.705912590027,0.708271622658,0.00191377848387,0.00592175638303
1624448716798643694,8255,1624448716799138727,iri_wam_link_base,-0.000977027653834,-0.40467678203,0.343522237383,0.705912590027,0.708271622658,0.00191377848387,0.00592175638303
1624448716894482064,8256,1624448716894959209,iri_wam_link_base,-0.000876390547904,-0.404828267852,0.343381800015,0.70578789711,0.708396792412,0.00173246592749,0.00586623093113
1624448716898823645,8257,1624448716899246306,iri_wam_link_base,-0.000895698392762,-0.404832542599,0.343381776785,0.705821752548,0.708363234997,0.00168127485085,0.00586486980319
1624448716994598371,8258,1624448716995094757,iri_wam_link_base,-0.000205791065775,-0.405813978446,0.3424014411,0.705659687519,0.708534061909,0.000269161624601,0.00488562230021
1624448716998847653,8259,1624448716999357698,iri_wam_link_base,-0.000205872512131,-0.405909708839,0.342341003227,0.705639600754,0.708554565907,0.000183438838576,0.00481445435435
1624448717094775341,8260,1624448717095230228,iri_wam_link_base,0.00110076167656,-0.40852917643,0.339252265865,0.705558419228,0.708649516106,0.000757282075938,0.00162839889526
1624448717098958570,8261,1624448717099484024,iri_wam_link_base,0.00116575929749,-0.408685555886,0.339081516724,0.705592215061,0.708615958691,0.000790010963101,0.00153733463958
1624448717194890346,8262,1624448717195371805,iri_wam_link_base,0.00236869901876,-0.413771672719,0.333487654216,0.705618083477,0.708586513996,-0.000717235787306,-0.00278256251477
1624448717200018301,8263,1624448717199593268,iri_wam_link_base,0.00239445508625,-0.414035244876,0.333211895761,0.705635905266,0.708567857742,-0.000904313055798,-0.00295589864254
1624448717294985237,8264,1624448717295503694,iri_wam_link_base,0.00376103492302,-0.420757724104,0.325876333015,0.706957638264,0.707239210606,-0.00090217764955,-0.00477540446445
1624448717300188664,8265,1624448717300664030,iri_wam_link_base,0.00378281903535,-0.421136090959,0.325404828918,0.707032382488,0.707161068916,-0.000771520135459,-0.0052737002261
1624448717396278564,8266,1624448717395635691,iri_wam_link_base,0.00421314408774,-0.426774864173,0.318896360999,0.708003878593,0.706170499325,-6.13656666246e-05,-0.00732810003683
1624448717400413521,8267,1624448717400851651,iri_wam_link_base,0.00421569871262,-0.426994827222,0.318670504465,0.708075463772,0.706101417542,-0.000118259449664,-0.00707126269117
1624448717496542847,8268,1624448717496883476,iri_wam_link_base,0.00399922731143,-0.430688106658,0.314272295301,0.708864569664,0.705293536186,0.000495312910061,-0.00847737304866
1624448717500564601,8269,1624448717501017052,iri_wam_link_base,0.0039966242318,-0.430830931999,0.314131179228,0.708833456039,0.705326378345,0.000386517087463,-0.00835021026433
1624448717600685480,8270,1624448717601122791,iri_wam_link_base,0.00413052169311,-0.434257544354,0.310863689214,0.708428263664,0.705736577511,-0.00485507305712,-0.00645861960948
1624448717600751848,8271,1624448717601122791,iri_wam_link_base,0.00413052169311,-0.434257544354,0.310863689214,0.708428263664,0.705736577511,-0.00485507305712,-0.00645861960948
1624448717700667060,8272,1624448717701134763,iri_wam_link_base,0.00519135386765,-0.437900685919,0.306655240304,0.70924192667,0.704934120178,-0.00439632544294,-0.00494693266228
1624448717700812479,8273,1624448717701399961,iri_wam_link_base,0.00519135386765,-0.437900685919,0.306655240304,0.70924192667,0.704934120178,-0.00439632544294,-0.00494693266228
1624448717800828981,8274,1624448717801274135,iri_wam_link_base,0.00576070819644,-0.442480814328,0.301072211076,0.709226727486,0.704945206642,-0.00447003636509,-0.00545080611482
1624448717800917091,8275,1624448717801495833,iri_wam_link_base,0.00576070819644,-0.442480814328,0.301072211076,0.709226727486,0.704945206642,-0.00447003636509,-0.00545080611482
1624448717900915171,8276,1624448717901409798,iri_wam_link_base,0.00578772705718,-0.450123467204,0.295548202772,0.709282696247,0.704790651798,-0.013182003051,0.00380058190785
1624448717901043767,8277,1624448717901589806,iri_wam_link_base,0.00578772705718,-0.450123467204,0.295548202772,0.709282696247,0.704790651798,-0.013182003051,0.00380058190785
1624448718001062726,8278,1624448718001542364,iri_wam_link_base,0.00715264862317,-0.466443071589,0.296070276319,0.707722604275,0.705951392651,-0.0255526285619,0.010409691371
1624448718002234652,8279,1624448718001678480,iri_wam_link_base,0.00715264862317,-0.466443071589,0.296070276319,0.707722604275,0.705951392651,-0.0255526285619,0.010409691371
1624448718102503123,8280,1624448718101692862,iri_wam_link_base,0.010290054386,-0.488724131433,0.298454850803,0.707665622234,0.705398857594,-0.0369833633304,0.0159391928464
1624448718102531818,8281,1624448718102993863,iri_wam_link_base,0.010290054386,-0.488724131433,0.298454850803,0.707665622234,0.705398857594,-0.0369833633304,0.0159391928464
1624448718202493532,8282,1624448718202929178,iri_wam_link_base,0.0104932117991,-0.508180716594,0.292752660728,0.708116173744,0.704745173454,-0.0421296693385,0.0114377280697
1624448718202550110,8283,1624448718203086323,iri_wam_link_base,0.0104932117991,-0.508180716594,0.292752660728,0.708116173744,0.704745173454,-0.0421296693385,0.0114377280697
1624448718302648190,8284,1624448718303058680,iri_wam_link_base,0.0084200411282,-0.529227098259,0.29024441565,0.708184838295,0.704752802849,-0.0410099737346,0.0107675408944
1624448718302707958,8285,1624448718303172888,iri_wam_link_base,0.0084200411282,-0.529227098259,0.29024441565,0.708184838295,0.704752802849,-0.0410099737346,0.0107675408944
1624448718402678950,8286,1624448718403181758,iri_wam_link_base,0.00876094013212,-0.549608887494,0.292271450464,0.707870006561,0.705108523369,-0.0383743643761,0.0164137799293
1624448718402803154,8287,1624448718403307300,iri_wam_link_base,0.00876094013212,-0.549608887494,0.292271450464,0.707870006561,0.705108523369,-0.0383743643761,0.0164137799293
1624448718502982335,8288,1624448718503295889,iri_wam_link_base,0.00997669462495,-0.566481174748,0.292552801427,0.707942962646,0.704593539238,-0.0453592427075,0.0175274908543
1624448718503053586,8289,1624448718503424538,iri_wam_link_base,0.00997669462495,-0.566481174748,0.292552801427,0.707942962646,0.704593539238,-0.0453592427075,0.0175274908543
1624448718602991145,8290,1624448718603405611,iri_wam_link_base,0.0106936197047,-0.582343798818,0.292059497587,0.707648217678,0.704621493816,-0.0479545146227,0.0210442189127
1624448718603042212,8291,1624448718603533606,iri_wam_link_base,0.0106936197047,-0.582343798818,0.292059497587,0.707648217678,0.704621493816,-0.0479545146227,0.0210442189127
1624448718703062808,8292,1624448718703523454,iri_wam_link_base,0.0101136376018,-0.601437615134,0.2921343934,0.707823097706,0.704427540302,-0.0479709208012,0.0216132383794
1624448718704137234,8293,1624448718703645680,iri_wam_link_base,0.0101136376018,-0.601437615134,0.2921343934,0.707823097706,0.704427540302,-0.0479709208012,0.0216132383794
1624448718803188634,8294,1624448718803632273,iri_wam_link_base,0.00853339307501,-0.622546774246,0.290254921797,0.707849264145,0.704332888126,-0.047012668103,0.0255810804665
1624448718804303450,8295,1624448718803756677,iri_wam_link_base,0.00849293347978,-0.622988383122,0.290119024196,0.70781904459,0.704369544983,-0.046928845346,0.0255618467927
1624448718904369373,8296,1624448718903745099,iri_wam_link_base,0.00651096681052,-0.637796947295,0.285842933193,0.708198368549,0.705016374588,-0.0348304510117,0.0139246014878
1624448718904455823,8297,1624448718904953783,iri_wam_link_base,0.00651096681052,-0.637796947295,0.285842933193,0.708185732365,0.705038785934,-0.0346705541015,0.0138305900618
1624448719004773483,8298,1624448719005134807,iri_wam_link_base,0.00467304517886,-0.640310345836,0.283226123346,0.708142638206,0.705431103706,-0.0280228909105,0.0107563212514
1624448719004890361,8299,1624448719005134807,iri_wam_link_base,0.00467304517886,-0.640310345836,0.283226123346,0.708142638206,0.705431103706,-0.0280228909105,0.0107563212514
1624448719104575522,8300,1624448719105068326,iri_wam_link_base,0.00337781146816,-0.639121173298,0.285891981423,0.70817232132,0.705346107483,-0.0289161391556,0.011944308877
1624448719104874169,8301,1624448719105445744,iri_wam_link_base,0.00337781146816,-0.639121173298,0.285891981423,0.70817232132,0.705346107483,-0.0289161391556,0.011944308877
1624448719204861196,8302,1624448719205219387,iri_wam_link_base,0.00275566954014,-0.638687949725,0.286826382953,0.708326458931,0.705175876617,-0.0291364602745,0.0123154614121
1624448719204989463,8303,1624448719205552665,iri_wam_link_base,0.00275566954014,-0.638687949725,0.286826382953,0.708326458931,0.705175876617,-0.0291364602745,0.0123154614121
1624448719304940446,8304,1624448719305410495,iri_wam_link_base,0.00280816735184,-0.638695237918,0.286791935478,0.708228349686,0.705281376839,-0.0289353523403,0.0123888505623
1624448719305082203,8305,1624448719305667162,iri_wam_link_base,0.00280816735184,-0.638695237918,0.286791935478,0.708228349686,0.705281376839,-0.0289353523403,0.0123888505623
1624448719405047264,8306,1624448719405538663,iri_wam_link_base,0.00278370928417,-0.635687873659,0.287544438103,0.708080708981,0.70602107048,-0.0124667938799,0.000753297528718
1624448719406344383,8307,1624448719405762777,iri_wam_link_base,0.00278370928417,-0.635687873659,0.287544438103,0.708080708981,0.70602107048,-0.0124667938799,0.000753297528718
1624448719505256019,8308,1624448719505669750,iri_wam_link_base,9.82824431504e-05,-0.629894489724,0.292264122799,0.708763003349,0.705383419991,-0.000720929645468,-0.00941786915064
1624448719506472047,8309,1624448719506968632,iri_wam_link_base,4.29871208968e-06,-0.629673444382,0.292360882812,0.708871781826,0.705271601677,-0.000209441946936,-0.00963051058352
1624448719606426221,8310,1624448719605811697,iri_wam_link_base,-0.00409854261021,-0.615450066191,0.294785065092,0.709754526615,0.704181432724,0.0143429059535,-0.013086325489
1624448719606541080,8311,1624448719607084426,iri_wam_link_base,-0.00409854261021,-0.615450066191,0.294785065092,0.709754526615,0.704181432724,0.0143429059535,-0.013086325489
1624448719706555540,8312,1624448719707051470,iri_wam_link_base,-0.00794770284971,-0.593512659943,0.295819653484,0.708332538605,0.704953253269,0.0323418304324,-0.0161216650158
1624448719706619739,8313,1624448719707178409,iri_wam_link_base,-0.00794770284971,-0.593512659943,0.295819653484,0.708332538605,0.704953253269,0.0323418304324,-0.0161216650158
1624448719806725225,8314,1624448719807180685,iri_wam_link_base,-0.00853221420333,-0.572467010341,0.2982001334,0.706978023052,0.706347644329,0.0326490327716,-0.013754170388
1624448719806805767,8315,1624448719807301641,iri_wam_link_base,-0.00853221420333,-0.572467010341,0.2982001334,0.706978023052,0.706347644329,0.0326490327716,-0.013754170388
1624448719906850478,8316,1624448719907275407,iri_wam_link_base,-0.00561886125769,-0.549451580819,0.297821798522,0.70578712225,0.707635760307,0.0304282158613,-0.0137937143445
1624448719906921723,8317,1624448719907395997,iri_wam_link_base,-0.00561886125769,-0.549451580819,0.297821798522,0.70578712225,0.707635760307,0.0304282158613,-0.0137937143445
1624448720006976078,8318,1624448720007400107,iri_wam_link_base,-0.00570585583277,-0.525404366833,0.293962055971,0.705480754375,0.708139300346,0.0266193412244,-0.0112738702446
1624448720007050665,8319,1624448720007532441,iri_wam_link_base,-0.00570585583277,-0.525404366833,0.293962055971,0.705480754375,0.708139300346,0.0266193412244,-0.0112738702446
1624448720107014030,8320,1624448720107492685,iri_wam_link_base,-0.00788231770442,-0.504317746841,0.292750355478,0.705653011799,0.707943320274,0.0283571388572,-0.00811960734427
1624448720107067914,8321,1624448720107622455,iri_wam_link_base,-0.00788231770442,-0.504317746841,0.292750355478,0.705653011799,0.707943320274,0.0283571388572,-0.00811960734427
1624448720207138465,8322,1624448720207624010,iri_wam_link_base,-0.00850830107824,-0.487682638457,0.294093127029,0.704889833927,0.708512425423,0.0325594767928,-0.00896277371794
1624448720207188696,8323,1624448720207745913,iri_wam_link_base,-0.00850830107824,-0.487682638457,0.294093127029,0.704889833927,0.708512425423,0.0325594767928,-0.00896277371794
1624448720307270683,8324,1624448720307727884,iri_wam_link_base,-0.00690995614385,-0.470438166881,0.293329769344,0.705247700214,0.708024084568,0.0342010743916,-0.012562292628
1624448720308442448,8325,1624448720307853597,iri_wam_link_base,-0.00691293199568,-0.470034825271,0.293264644194,0.705247700214,0.708024084568,0.0342010743916,-0.012562292628
1624448720408433891,8326,1624448720407846077,iri_wam_link_base,-0.00463607666527,-0.448243626963,0.291651340056,0.705005884171,0.708359777927,0.0299396570772,-0.0172279849648
1624448720408586350,8327,1624448720409110074,iri_wam_link_base,-0.00463607666527,-0.448243626963,0.291651340056,0.70504796505,0.708318531513,0.0299570579082,-0.0171711631119
1624448720510936530,8328,1624448720510290061,iri_wam_link_base,-0.00487677480763,-0.424050629714,0.291855315251,0.705154657364,0.708368718624,0.0284908749163,-0.0126048475504
1624448720511063688,8329,1624448720510290061,iri_wam_link_base,-0.00487677480763,-0.424050629714,0.291855315251,0.705154657364,0.708368718624,0.0284908749163,-0.0126048475504
1624448720608733060,8330,1624448720609213281,iri_wam_link_base,-0.00747444092008,-0.402636979774,0.292559092783,0.704988539219,0.708586513996,0.0286416858435,-0.00871528312564
1624448720611113131,8331,1624448720611664448,iri_wam_link_base,-0.00751715444313,-0.402300344865,0.292575578949,0.704928815365,0.708651065826,0.0285233333707,-0.00868686847389
1624448720708887683,8332,1624448720709342905,iri_wam_link_base,-0.00820547072189,-0.384968957833,0.292625777451,0.704911112785,0.708512485027,0.0324121452868,-0.00773401465267
1624448720712510477,8333,1624448720711787089,iri_wam_link_base,-0.0081648094877,-0.384597125042,0.292579003103,0.704861044884,0.708561062813,0.0324319377542,-0.00776469567791
1624448720808968874,8334,1624448720809475320,iri_wam_link_base,-0.00609179066172,-0.367972760687,0.290233435452,0.704872786999,0.708472132683,0.0331827737391,-0.0109792845324
1624448720812526710,8335,1624448720813080650,iri_wam_link_base,-0.00597858827013,-0.367256715154,0.290108962371,0.704892337322,0.708461225033,0.0329520218074,-0.0111209405586
1624448720909109605,8336,1624448720909604488,iri_wam_link_base,-0.0034424596074,-0.348476342624,0.288077594032,0.704794585705,0.708657741547,0.0294384658337,-0.0142199285328
1624448720912663220,8337,1624448720913201385,iri_wam_link_base,-0.00339935152625,-0.347676641963,0.288068179967,0.704692423344,0.70877122879,0.0291460957378,-0.0142270261422
1624448721009268384,8338,1624448721009730580,iri_wam_link_base,-0.00293900771821,-0.327060738048,0.289131955799,0.704900860786,0.70857334137,0.0295796040446,-0.0127897206694
1624448721013165094,8339,1624448721013312943,iri_wam_link_base,-0.00299513639404,-0.326178180392,0.289209593167,0.704882323742,0.708603918552,0.0293252337724,-0.0127018531784
1624448721110361270,8340,1624448721109861917,iri_wam_link_base,-0.00538121376523,-0.306085119577,0.291149532851,0.704515457153,0.708959519863,0.0307240821421,-0.00951189827174
1624448721113068106,8341,1624448721113436068,iri_wam_link_base,-0.00551468647439,-0.305245041707,0.291207029712,0.704457163811,0.70902121067,0.0306626539677,-0.00942400284111
1624448721210575610,8342,1624448721210966611,iri_wam_link_base,-0.00805340478559,-0.285290128378,0.290215246369,0.705081820488,0.708293795586,0.0331124104559,-0.00911761913449
1624448721213018820,8343,1624448721213546536,iri_wam_link_base,-0.00811010858088,-0.284846583757,0.290125499215,0.705090343952,0.708275973797,0.0332840755582,-0.00921832863241
1624448721310751136,8344,1624448721311135690,iri_wam_link_base,-0.00864207626094,-0.266360662797,0.287566452661,0.704638421535,0.708597064018,0.035807620734,-0.00963108520955
1624448721313303534,8345,1624448721313655216,iri_wam_link_base,-0.00864691188905,-0.266086915435,0.287562322677,0.704608917236,0.708631753922,0.0357351489365,-0.00950204767287
1624448721410938671,8346,1624448721411280290,iri_wam_link_base,-0.00801958170761,-0.257736350832,0.29021237339,0.705387055874,0.708502471447,0.0212895218283,0.000338545418344
1624448721413282164,8347,1624448721413767240,iri_wam_link_base,-0.00796825151854,-0.257652279947,0.290292400219,0.705365419388,0.708527743816,0.0211617741734,0.000480809132569
1624448721511020973,8348,1624448721511420831,iri_wam_link_base,-0.00617121721401,-0.255124684655,0.292539092604,0.70512264967,0.708818912506,0.0190062653273,0.00407748436555
1624448721514350890,8349,1624448721513894076,iri_wam_link_base,-0.00615838919559,-0.255122165239,0.292545801934,0.705164253712,0.708777666092,0.0189882423729,0.00413328129798
1624448721611263451,8350,1624448721611553638,iri_wam_link_base,-0.00602647322691,-0.255156620661,0.292514255887,0.705270051956,0.708671987057,0.0190266091377,0.00401153229177
1624448721614648861,8351,1624448721614945823,iri_wam_link_base,-0.00600621159983,-0.255169267733,0.292507581125,0.705221176147,0.70872181654,0.0189854055643,0.00400622142479
1624448721711234200,8352,1624448721711688064,iri_wam_link_base,-0.00602988685537,-0.255161299108,0.292514045288,0.705286502838,0.708656847477,0.0189796779305,0.00401833700016
1624448721714643789,8353,1624448721715169820,iri_wam_link_base,-0.00602008200155,-0.255153830489,0.292520761978,0.70527023077,0.70867317915,0.0189725905657,0.00402945186943
1624448721811430573,8354,1624448721811829007,iri_wam_link_base,-0.00603373026257,-0.255172547158,0.292519925638,0.705190360546,0.708757519722,0.0187840554863,0.00406059762463
1624448721814786641,8355,1624448721815295297,iri_wam_link_base,-0.00604353597478,-0.255180015132,0.292513208538,0.705243051052,0.70870500803,0.0187913496047,0.00404851417989
1624448721912655959,8356,1624448721911991693,iri_wam_link_base,-0.00566491024562,-0.251868734459,0.287033688339,0.70513099432,0.708928525448,0.0145086571574,0.000298819155432
1624448721914891103,8357,1624448721915415038,iri_wam_link_base,-0.00566429682718,-0.251704923996,0.286705265861,0.7051243186,0.708945453167,0.0140001317486,0.000270916178124
1624448722012729453,8358,1624448722013188472,iri_wam_link_base,-0.00115028635867,-0.240545639254,0.263482391699,0.705634832382,0.708492875099,-0.00458894716576,0.00981523189694
1624448722014988386,8359,1624448722015522579,iri_wam_link_base,-0.000975693444325,-0.24031634155,0.262898491975,0.705568253994,0.708554565907,-0.00491063343361,0.00998629350215
1624448722112861574,8360,1624448722113335227,iri_wam_link_base,0.00548766877099,-0.241732834523,0.239635254824,0.705853462219,0.707972705364,-0.0177612230182,0.015169753693
1624448722115105903,8361,1624448722115631609,iri_wam_link_base,0.00557793102161,-0.242051267053,0.239256560329,0.705965638161,0.707859277725,-0.0178821384907,0.0151002574712
1624448722213073244,8362,1624448722213469541,iri_wam_link_base,0.00808590533245,-0.266279234303,0.216913134134,0.708749771118,0.705140888691,-0.0212061647326,-0.000599846825935
1624448722215215271,8363,1624448722215746055,iri_wam_link_base,0.008090006035,-0.266879105603,0.216320316914,0.708802461624,0.705083072186,-0.0213529597968,-0.000978695927188
1624448722313118210,8364,1624448722313609190,iri_wam_link_base,0.00961773771893,-0.297246320517,0.182308540004,0.709288418293,0.704278290272,-0.0240213535726,-0.0180267374963
1624448722315295090,8365,1624448722315854517,iri_wam_link_base,0.00971714999774,-0.297913182514,0.18149550095,0.709081113338,0.704474925995,-0.0240945126861,-0.0183998309076
1624448722413254809,8366,1624448722413736471,iri_wam_link_base,0.0114537769572,-0.326454128015,0.141980373478,0.708121716976,0.704283833504,-0.0321865044534,-0.0388836376369
1624448722416388309,8367,1624448722415959224,iri_wam_link_base,0.0115297187652,-0.326993780962,0.141269362019,0.708205878735,0.704170286655,-0.0323957316577,-0.0392326079309
1624448722513362908,8368,1624448722513869492,iri_wam_link_base,0.013170222363,-0.354215522387,0.111296617975,0.707010030746,0.703714907169,-0.0419816970825,-0.056211348623
1624448722516950989,8369,1624448722517302780,iri_wam_link_base,0.0131438910766,-0.355396602933,0.110415051875,0.706961095333,0.703702926636,-0.0422357209027,-0.0567833818495
1624448722614571786,8370,1624448722614007892,iri_wam_link_base,0.012981249525,-0.38489040322,0.0983498396538,0.705884575844,0.703986883163,-0.0556183159351,-0.055100992322
1624448722617022616,8371,1624448722617570068,iri_wam_link_base,0.0129776533832,-0.385985618184,0.0981815155872,0.705987215042,0.703870236874,-0.0562039539218,-0.0546798333526
1624448722714803764,8372,1624448722715201232,iri_wam_link_base,0.0127567623217,-0.408701777217,0.0995548088221,0.707569181919,0.702743470669,-0.0591261573136,-0.044738419354
1624448722717148964,8373,1624448722717679428,iri_wam_link_base,0.0127585594202,-0.409193789254,0.0996692281664,0.707656562328,0.702681779861,-0.0590042509139,-0.044486861676
1624448722814900941,8374,1624448722815345170,iri_wam_link_base,0.0128434827336,-0.435556945569,0.106539226423,0.707731723785,0.703982710838,-0.0522874891758,-0.0281108692288
1624448722817296673,8375,1624448722817788256,iri_wam_link_base,0.0128352937581,-0.43622282927,0.10672647707,0.707385957241,0.704349517822,-0.0522798262537,-0.0276352986693
1624448722914997169,8376,1624448722915473878,iri_wam_link_base,0.0115972179234,-0.466638835832,0.112393807381,0.708230435848,0.704404056072,-0.0464160516858,-0.00837211776525
1624448722917362695,8377,1624448722917906567,iri_wam_link_base,0.0115914131115,-0.467269728508,0.112448243563,0.708450496197,0.704196453094,-0.0462750308216,-0.00799418706447
1624448723015124914,8378,1624448723015609883,iri_wam_link_base,0.0111178371802,-0.498637903643,0.112751959234,0.707443296909,0.705639660358,-0.0391310490668,0.00808604154736
1624448723018422338,8379,1624448723018020229,iri_wam_link_base,0.0110519116983,-0.499194524084,0.11270194603,0.707412719727,0.70567303896,-0.039070405066,0.00814261846244
1624448723115259221,8380,1624448723115743684,iri_wam_link_base,0.00793616284383,-0.526360648239,0.113221553967,0.70597755909,0.706988215446,-0.0402664989233,0.0119165526703
1624448723118631957,8381,1624448723119091600,iri_wam_link_base,0.00779246712279,-0.527411802087,0.113375343452,0.706163108349,0.706812798977,-0.0400243140757,0.0121398791671
1624448723215403251,8382,1624448723215872099,iri_wam_link_base,0.00489025163215,-0.556231646936,0.126369297587,0.705501139164,0.707674086094,-0.0328476987779,0.019659275189
1624448723218835473,8383,1624448723219295197,iri_wam_link_base,0.00493087792435,-0.557490193403,0.127182014668,0.705152332783,0.708033978939,-0.0325043201447,0.0197874400765
1624448723316498779,8384,1624448723316002102,iri_wam_link_base,0.00622945878902,-0.584831730689,0.150231716494,0.70517706871,0.708375930786,-0.0271098650992,0.0139268580824
1624448723318908867,8385,1624448723319455187,iri_wam_link_base,0.00631771186445,-0.585720834294,0.151174976308,0.705112576485,0.708455264568,-0.0270594656467,0.0132322525606
1624448723416717526,8386,1624448723417098268,iri_wam_link_base,0.00877980181015,-0.604195198738,0.173639050104,0.704981923103,0.708478629589,-0.0303682703525,0.0116730183363
1624448723419036143,8387,1624448723419564016,iri_wam_link_base,0.00881026315109,-0.60442748444,0.174018664444,0.704976081848,0.708491146564,-0.0302699189633,0.0115214847028
1624448723516830284,8388,1624448723517316617,iri_wam_link_base,0.00856200222964,-0.617265067176,0.197470646396,0.704930067062,0.708320856094,-0.0341272801161,0.01379941497
1624448723519159711,8389,1624448723519668285,iri_wam_link_base,0.0085075612231,-0.617504516732,0.198006542431,0.704987645149,0.708261191845,-0.0341827087104,0.013787008822
1624448723616943213,8390,1624448723617445542,iri_wam_link_base,0.00736920611968,-0.628074287636,0.228028901153,0.704464197159,0.708730280399,-0.0341408289969,0.0163109656423
1624448723619391661,8391,1624448723619783801,iri_wam_link_base,0.00731579512612,-0.628265118372,0.228633376534,0.704493820667,0.708699345589,-0.0341711491346,0.0163098573685
1624448723717074272,8392,1624448723717573695,iri_wam_link_base,0.00725510239093,-0.636495158266,0.260348510705,0.705220282078,0.708092331886,-0.0327902846038,0.0139398248866
1624448723719409717,8393,1624448723719916923,iri_wam_link_base,0.00726292243115,-0.636584518296,0.260873351027,0.7051025033,0.70821917057,-0.0326710231602,0.013733683154
1624448723817185347,8394,1624448723817702271,iri_wam_link_base,0.00622160559637,-0.639320314377,0.287378641617,0.704926073551,0.708469390869,-0.0303524173796,0.0151352593675
1624448723819507848,8395,1624448723820023657,iri_wam_link_base,0.00621544468886,-0.639335696752,0.287815309816,0.704959869385,0.708443284035,-0.0301663205028,0.0151564450935
1624448723917425433,8396,1624448723917833875,iri_wam_link_base,0.00350015581518,-0.637834338577,0.297315411564,0.706091761589,0.707411408424,-0.0285265669227,0.013776037842
1624448723920787080,8397,1624448723920134153,iri_wam_link_base,0.00352547841515,-0.637865452959,0.297261133494,0.706052780151,0.707450449467,-0.0285117775202,0.013797624968
1624448724017532459,8398,1624448724017961417,iri_wam_link_base,0.00409167043702,-0.639022369807,0.294271934011,0.705996990204,0.707602739334,-0.0269454140216,0.0118558807299
1624448724020889534,8399,1624448724021410353,iri_wam_link_base,0.00415439749755,-0.639102206502,0.294153337907,0.705948293209,0.707654297352,-0.0268655922264,0.0118624577299
1624448724118525194,8400,1624448724118090825,iri_wam_link_base,0.00441273935677,-0.640299031283,0.291556007716,0.706028997898,0.707637548447,-0.0258995257318,0.0100701088086
1624448724121011498,8401,1624448724121514187,iri_wam_link_base,0.00441536331428,-0.640311239761,0.291485970583,0.70602619648,0.707641005516,-0.0259102769196,0.00999148469418
1624448724218717068,8402,1624448724219157768,iri_wam_link_base,0.00433263151261,-0.640353935745,0.291338717954,0.706187009811,0.707494199276,-0.0255772955716,0.00988287199289
1624448724221044429,8403,1624448724221619610,iri_wam_link_base,0.00436175665757,-0.640356556013,0.291316908751,0.706197977066,0.707487404346,-0.025454159826,0.00990304257721
1624448724323043270,8404,1624448724322265380,iri_wam_link_base,0.00469094840982,-0.640085927418,0.291372605179,0.7067309618,0.707066833973,-0.0217547155917,0.010704931803
1624448724323092154,8405,1624448724322265380,iri_wam_link_base,0.00469094840982,-0.640085927418,0.291372605179,0.7067309618,0.707066833973,-0.0217547155917,0.010704931803
1624448724421392288,8406,1624448724421730912,iri_wam_link_base,0.000851917009285,-0.630869068006,0.300075420673,0.707375466824,0.706710040569,0.00504966638982,-0.012463231571
1624448724423228184,8407,1624448724423656048,iri_wam_link_base,0.000692602524556,-0.63051596675,0.300560254936,0.707411289215,0.706664741039,0.00569149106741,-0.012720935978
1624448724521386143,8408,1624448724521865301,iri_wam_link_base,-0.0072572857437,-0.606050803663,0.332925238867,0.707656741142,0.70569306612,0.0276954211295,-0.0212659239769
1624448724523394873,8409,1624448724523758925,iri_wam_link_base,-0.00743241799726,-0.605339873706,0.333652863785,0.707721114159,0.705617427826,0.0279705263674,-0.0212731454521
1624448724621528560,8410,1624448724621998037,iri_wam_link_base,-0.0129685768974,-0.559972594311,0.366945437853,0.70606148243,0.706941604614,0.039996419102,-0.01053662505
1624448724623465036,8411,1624448724623865723,iri_wam_link_base,-0.0129152458897,-0.558839630273,0.367514429706,0.705989360809,0.706995368004,0.0404067970812,-0.0101941013709
1624448724725507726,8412,1624448724724816697,iri_wam_link_base,-0.00964320177301,-0.500739372936,0.386249509726,0.705077111721,0.708395063877,0.0321517474949,-0.00300143682398
1624448724726554760,8413,1624448724724816697,iri_wam_link_base,-0.00964320177301,-0.500739372936,0.386249509726,0.705077111721,0.708395063877,0.0321517474949,-0.00300143682398
1624448724823565171,8414,1624448724823988638,iri_wam_link_base,-0.00288962217041,-0.450571418086,0.399304061587,0.705024957657,0.70898771286,0.0155239729211,0.00593178812414
1624448724826757714,8415,1624448724826193730,iri_wam_link_base,-0.00260942649655,-0.448878449366,0.39988373771,0.704912543297,0.709106624126,0.0150459501892,0.00630205404013
1624448724924596649,8416,1624448724924121358,iri_wam_link_base,-0.00270317292902,-0.426109408596,0.408460416733,0.705287098885,0.708684623241,-0.0103589268401,0.0151296975091
1624448724926883971,8417,1624448724927381145,iri_wam_link_base,-0.00274395656143,-0.425918420816,0.408513214857,0.705315887928,0.708654761314,-0.0102718602866,0.0152440676466
1624448725024833421,8418,1624448725025191423,iri_wam_link_base,-0.000698120614711,-0.431022274303,0.403080014305,0.705790400505,0.708251714706,-0.00791900418699,0.013292809017
1624448725026965091,8419,1624448725027504475,iri_wam_link_base,-0.000556426461262,-0.431266378657,0.402841164292,0.705747365952,0.708297014236,-0.00784512236714,0.013206133619
1624448725124944689,8420,1624448725125441991,iri_wam_link_base,0.00381327050946,-0.443830505615,0.390180438099,0.705144405365,0.709025144577,-0.00731769483536,0.00104083132464
1624448725127075225,8421,1624448725127614610,iri_wam_link_base,0.0038723234151,-0.444085931768,0.389966418552,0.705155074596,0.709015667439,-0.00724105304107,0.000817725202069
1624448725225075437,8422,1624448725225568734,iri_wam_link_base,0.00389563776285,-0.45106159115,0.384075004573,0.706506490707,0.707666695118,-0.00504854787141,-0.00556168332696
1624448725227179739,8423,1624448725227725494,iri_wam_link_base,0.00389077445251,-0.451065928428,0.384075074811,0.706494629383,0.70767813921,-0.00510187027976,-0.00556486705318
1624448725325183539,8424,1624448725325690260,iri_wam_link_base,0.00133155063458,-0.449885814227,0.387373129483,0.707502067089,0.706662774086,-0.00784444622695,-0.00265297829174
1624448725327311385,8425,1624448725327841311,iri_wam_link_base,0.00129478852763,-0.449887745876,0.387448916313,0.707528710365,0.706635415554,-0.00793023221195,-0.00257857819088
1624448725425396468,8426,1624448725425818223,iri_wam_link_base,0.00019837793622,-0.449419851255,0.389127478057,0.707830488682,0.706320226192,-0.00931214727461,-0.00103073846549
1624448725427434737,8427,1624448725427966763,iri_wam_link_base,0.00019837793622,-0.449419851255,0.389127478057,0.707830488682,0.706320226192,-0.00931214727461,-0.00103073846549
1624448725525488359,8428,1624448725525949422,iri_wam_link_base,0.000260436555842,-0.449424757652,0.389111613784,0.707770645618,0.706381797791,-0.00918602291495,-0.00102862028871
1624448725527558444,8429,1624448725528077973,iri_wam_link_base,0.000266783551981,-0.449444909992,0.389088332269,0.707770526409,0.706382036209,-0.0091735040769,-0.00105271011125
1624448725625619903,8430,1624448725626078145,iri_wam_link_base,0.00029504997466,-0.449457102028,0.38907524906,0.707777678967,0.706375718117,-0.00911784823984,-0.00100566144101
1624448725628636996,8431,1624448725628192741,iri_wam_link_base,0.000260545051521,-0.449470344942,0.389065054667,0.7078307271,0.706321835518,-0.00916935876012,-0.00102348276414
1624448725726990065,8432,1624448725726215773,iri_wam_link_base,0.000260436555842,-0.449424757652,0.389111613784,0.70773434639,0.706418216228,-0.00918597076088,-0.00102909246925
1624448725728920538,8433,1624448725729318584,iri_wam_link_base,0.000288703191925,-0.449436950365,0.389098531668,0.707741498947,0.706411838531,-0.00913031771779,-0.000982040655799
1624448725827120701,8434,1624448725827575341,iri_wam_link_base,0.00029504997466,-0.449457102028,0.38907524906,0.707741379738,0.706412017345,-0.0091177970171,-0.00100612977985
1624448725829087856,8435,1624448725829558668,iri_wam_link_base,0.000265446176564,-0.449466048823,0.389064934866,0.707769930363,0.706383466721,-0.00911586545408,-0.0010208155727
1624448725927228898,8436,1624448725927700573,iri_wam_link_base,0.000298948318264,-0.449467840609,0.389135354131,0.707745432854,0.706407904625,-0.00913097057492,-0.000933050119784
1624448725929115536,8437,1624448725929665577,iri_wam_link_base,0.000282641386788,-0.449465553169,0.389138008392,0.707763969898,0.706389248371,-0.00913968496025,-0.000937832868658
1624448726027374999,8438,1624448726027824320,iri_wam_link_base,0.000282641386788,-0.449465553169,0.389138008392,0.707763969898,0.706389248371,-0.00913968496025,-0.000937832868658
1624448726029201589,8439,1624448726029770064,iri_wam_link_base,0.000290927989685,-0.449460910762,0.38914844297,0.707736492157,0.706416070461,-0.00919498689473,-0.000926922482904
1624448726127509599,8440,1624448726127952848,iri_wam_link_base,0.000311979558979,-0.449468176331,0.389124801433,0.707771778107,0.706382930279,-0.00902229268104,-0.000940182479098
1624448726129379750,8441,1624448726129877490,iri_wam_link_base,0.000307077931107,-0.44947247239,0.389124919955,0.707760035992,0.706394016743,-0.00907568447292,-0.000943793100305
1624448726227579016,8442,1624448726228086089,iri_wam_link_base,0.000277364026579,-0.449435827887,0.389161165359,0.70772844553,0.706425487995,-0.00909042265266,-0.000963613332715
1624448726229416729,8443,1624448726229986085,iri_wam_link_base,0.000296899032193,-0.449447043955,0.389148197316,0.707712769508,0.706441283226,-0.00907981302589,-0.000973184593022
1624448726328696021,8444,1624448726328217725,iri_wam_link_base,0.000282641386788,-0.449465553169,0.389138008392,0.707763969898,0.706389248371,-0.00913968496025,-0.000937832868658
1624448726329549345,8445,1624448726330094979,iri_wam_link_base,0.000289549255436,-0.449460502883,0.389099965234,0.707739114761,0.706415355206,-0.00904328376055,-0.000971982488409
1624448726428886459,8446,1624448726429290785,iri_wam_link_base,0.000300730338132,-0.449452318154,0.389148203555,0.707723796368,0.706430137157,-0.00908815767616,-0.000920170219615
1624448726429637707,8447,1624448726430210716,iri_wam_link_base,0.000300730338132,-0.449452318154,0.389148203555,0.707723796368,0.706430137157,-0.00908815767616,-0.000920170219615
1624448726529067131,8448,1624448726529544710,iri_wam_link_base,0.000302133790754,-0.449455217781,0.389099959751,0.707751393318,0.706403017044,-0.00903500802815,-0.00102436658926
1624448726531005955,8449,1624448726530316996,iri_wam_link_base,0.000302133790754,-0.449455217781,0.389099959751,0.707751393318,0.706403017044,-0.00903500802815,-0.00102436658926
1624448726629272005,8450,1624448726629720579,iri_wam_link_base,0.000285760208454,-0.449476779353,0.389125039172,0.707761108875,0.706392288208,-0.00912905763835,-0.000947569555137
1624448726631097190,8451,1624448726631563380,iri_wam_link_base,0.000307077931107,-0.44947247239,0.389124919955,0.707723736763,0.706430375576,-0.00907563511282,-0.000944259227253
1624448726729327651,8452,1624448726729850782,iri_wam_link_base,0.000300730338132,-0.449452318154,0.389148203555,0.707723796368,0.706430137157,-0.00908815767616,-0.000920170219615
1624448726731181928,8453,1624448726731684945,iri_wam_link_base,0.000300730338132,-0.449452318154,0.389148203555,0.707723796368,0.706430137157,-0.00908815767616,-0.000920170219615
1624448726829459326,8454,1624448726829977477,iri_wam_link_base,0.000303246625068,-0.44946719819,0.389124914051,0.707712650299,0.70644146204,-0.00906729139388,-0.000997273134999
1624448726831256881,8455,1624448726831790648,iri_wam_link_base,0.00030217660693,-0.449476768616,0.389125039172,0.707711935043,0.706441521645,-0.00912902597338,-0.000947871885728
1624448726929682251,8456,1624448726930105999,iri_wam_link_base,0.000307077931107,-0.44947247239,0.389124919955,0.707723736763,0.706430375576,-0.00907563511282,-0.000944259227253
1624448726931461966,8457,1624448726931898814,iri_wam_link_base,0.000296899032193,-0.449447043955,0.389148197316,0.707712769508,0.706441283226,-0.00907981302589,-0.000973184593022
1624448727029749942,8458,1624448727030246387,iri_wam_link_base,0.000307077931107,-0.44947247239,0.389124919955,0.707723736763,0.706430375576,-0.00907563511282,-0.000944259227253
1624448727031456246,8459,1624448727032004701,iri_wam_link_base,0.000307077931107,-0.44947247239,0.389124919955,0.707723736763,0.706430375576,-0.00907563511282,-0.000944259227253
1624448727130960929,8460,1624448727130374046,iri_wam_link_base,0.00029066168954,-0.449472483305,0.389124919955,0.707736611366,0.706417500973,-0.00907561834902,-0.000944425351918
1624448727131548716,8461,1624448727132110453,iri_wam_link_base,0.00029066168954,-0.449472483305,0.389124919955,0.707736611366,0.706417500973,-0.00907561834902,-0.000944425351918
1624448727231100182,8462,1624448727231572572,iri_wam_link_base,0.000320265525186,-0.449463532949,0.389135234902,0.70774435997,0.706409692764,-0.00907759554684,-0.000929274887312
1624448727231693491,8463,1624448727232220028,iri_wam_link_base,0.000320265525186,-0.449463532949,0.389135234902,0.70774435997,0.706409692764,-0.00907759554684,-0.000929274887312
1624448727331230710,8464,1624448727331720248,iri_wam_link_base,0.000281929078344,-0.449471505155,0.389125033207,0.707750082016,0.706403315067,-0.00912071485072,-0.00100058375392
1624448727332747131,8465,1624448727332329815,iri_wam_link_base,0.000281929078344,-0.449471505155,0.389125033207,0.707750082016,0.706403315067,-0.00912071485072,-0.00100058375392
