%time,field.position.x,field.position.y,field.position.z,field.orientation.x,field.orientation.y,field.orientation.z,field.orientation.w
1622113110057244084,0.0297681801021,-1.60763764381,0.264164447784,-0.692301216465,0.00600154769806,0.0240882804917,0.721752111494
1622113110107114892,0.029723405838,-1.60764789581,0.264312416315,-0.692340450964,0.00603117063175,0.024107195873,0.721713384066
1622113110157146929,0.0297207590193,-1.60764813423,0.264312326908,-0.692340691964,0.00602903759337,0.024110068242,0.721713455685
1622113110207187268,0.0298492126167,-1.60765600204,0.264282226562,-0.692333452507,0.006040438258,0.0241995612211,0.721717192768
1622113110257124110,0.0298492126167,-1.60765600204,0.264282226562,-0.692333452507,0.006040438258,0.0241995612211,0.721717192768
1622113110307103776,0.0298582017422,-1.60769844055,0.264636516571,-0.692431579333,0.00609092571031,0.0242784786389,0.721619198268
1622113110357134047,0.0298582017422,-1.60769844055,0.264636516571,-0.692431579333,0.00609092571031,0.0242784786389,0.721619198268
1622113110407173269,0.0298436265439,-1.6076811552,0.264530658722,-0.692400714391,0.00608887123196,0.0242482184961,0.721649235095
1622113110457149403,0.0298436265439,-1.6076811552,0.264530658722,-0.692400714391,0.00608887123196,0.0242482184961,0.721649235095
1622113110507125500,0.0298772919923,-1.6076540947,0.264275848866,-0.692328931492,0.00607195354055,0.024198826928,0.721718935486
1622113110557042204,0.0298772919923,-1.6076540947,0.264275848866,-0.692328931492,0.00607195354055,0.024198826928,0.721718935486
1622113110607124317,0.0297909975052,-1.6076362133,0.264157623053,-0.692297262256,0.00602876895426,0.0240932809894,0.721753995423
1622113110657293056,0.0297909975052,-1.6076362133,0.264157623053,-0.692297262256,0.00602876895426,0.0240932809894,0.721753995423
1622113110707273274,0.0298163760453,-1.60762190819,0.264067411423,-0.692269952685,0.00604184438687,0.024134621268,0.721778787331
1622113110757224808,0.0298163760453,-1.60762190819,0.264067411423,-0.692269952685,0.00604184438687,0.024134621268,0.721778787331
1622113110807146243,0.029753562063,-1.60760903358,0.263964653015,-0.692241656323,0.00602037233591,0.0240950735391,0.721809173628
1622113110857237416,0.029753562063,-1.60760903358,0.263964653015,-0.692241656323,0.00602037233591,0.0240950735391,0.721809173628
1622113110907175637,0.029753562063,-1.60760903358,0.263964653015,-0.692241656323,0.00602037233591,0.0240950735391,0.721809173628
1622113110957188162,0.0297678895295,-1.60760831833,0.263963758945,-0.692240538404,0.0060311806804,0.0240987987942,0.721809349104
1622113111007115668,0.0297960042953,-1.60765528679,0.264262616634,-0.692327471623,0.00604170190821,0.0241289440412,0.721724977221
1622113111057005044,0.0297960042953,-1.60765528679,0.264262616634,-0.692327471623,0.00604170190821,0.0241289440412,0.721724977221
1622113111107148533,0.0298936087638,-1.60767281055,0.264379292727,-0.692358379878,0.00609360760851,0.0242412531588,0.721690110737
1622113111157132356,0.0298936087638,-1.60767281055,0.264379292727,-0.692358379878,0.00609360760851,0.0242412531588,0.721690110737
1622113111207197544,0.0298634488136,-1.60768723488,0.264469414949,-0.692386083546,0.00607610889512,0.0242050463087,0.721665495809
1622113111257064391,0.0298634488136,-1.60768723488,0.264469414949,-0.692386083546,0.00607610889512,0.0242050463087,0.721665495809
1622113111307148557,0.0297602452338,-1.60763442516,0.264213562012,-0.692308863446,0.00608014327471,0.0241613817436,0.721741061382
1622113111357190899,0.029758086428,-1.607634902,0.264213681221,-0.692309035696,0.00607795476705,0.0241629230519,0.721741140095
1622113111407078164,0.0298305489123,-1.60764062405,0.264169931412,-0.692299551774,0.00606129055974,0.0241785705815,0.721750037232
1622113111457121529,0.0298286601901,-1.60764038563,0.264169156551,-0.692299519697,0.00605906879548,0.024178949019,0.721750199818
1622113111507115564,0.0297708678991,-1.60763859749,0.26415514946,-0.692297491751,0.00602870420428,0.0241074230681,0.721755413527
1622113111558500334,0.0297708678991,-1.60763859749,0.26415514946,-0.692297491751,0.00602870420428,0.0241074230681,0.721755413527
1622113111607118401,0.0297962892801,-1.60762465,0.264064878225,-0.692270257596,0.00604180700743,0.0241487204205,0.721780169903
1622113111657061614,0.0297962892801,-1.60762465,0.264064878225,-0.692270257596,0.00604180700743,0.0241487204205,0.721780169903
1622113111707126968,0.0297339148819,-1.60762131214,0.264131069183,-0.692286421033,0.00606993159969,0.024147204189,0.721764716945
1622113111757156706,0.0297315511853,-1.60762059689,0.264130115509,-0.692285857574,0.00606505592452,0.0241384749412,0.721765153725
1622113111807070425,0.0297764502466,-1.60764074326,0.264176845551,-0.692303830301,0.0060330819779,0.0241150508465,0.72174936495
1622113111857313908,0.0297739524394,-1.60764098167,0.264177083969,-0.692304092733,0.00603094715415,0.0241174783928,0.721749392693
1622113111907273262,0.0297674387693,-1.60763001442,0.264087677002,-0.692278105691,0.00603773885895,0.0241523141462,0.721774591857
1622113111957204698,0.029781376943,-1.60762917995,0.264086276293,-0.692277020103,0.00604839878741,0.0241565022341,0.721774755083
1622113112007106452,0.0297366045415,-1.60763967037,0.264234215021,-0.692316238307,0.00607802272089,0.0241754189874,0.721736020482
1622113112057200118,0.0297481790185,-1.60763895512,0.264233827591,-0.692315361533,0.00608858699653,0.0241806812121,0.721736116616
1622113112107186719,0.0298324972391,-1.60764443874,0.264189362526,-0.692304833449,0.00608242823895,0.0242006327805,0.721745155111
1622113112157114510,0.0298324972391,-1.60764443874,0.264189362526,-0.692304833449,0.00608242823895,0.0242006327805,0.721745155111
1622113112207204325,0.0297770369798,-1.60764241219,0.264175713062,-0.692302564421,0.0060542158761,0.0241269342981,0.721750297241
1622113112257363629,0.029775839299,-1.60764122009,0.264170914888,-0.692300953946,0.006049649296,0.0241169981008,0.721751717933
1622113112307063845,0.0297479499131,-1.60762476921,0.264066725969,-0.692271252061,0.00603674698523,0.0240823759484,0.721781565376
1622113112357092309,0.0297457855195,-1.60762381554,0.264065861702,-0.692270584004,0.00603189268472,0.0240734251388,0.721782046661
1622113112407311819,0.029743341729,-1.60762238503,0.264061570168,-0.692270871402,0.00602976057603,0.0240758417598,0.721782069887
1622113112457256521,0.0297411903739,-1.60762238503,0.264061152935,-0.692271104517,0.00602762319311,0.0240779079322,0.721782106661
1622113112507093848,0.0296962894499,-1.60760235786,0.264014422894,-0.692253144133,0.00605959572269,0.0241013272411,0.721797905687
1622113112558467644,0.0297095496207,-1.6076015234,0.264012545347,-0.692252000822,0.00607004595085,0.0241042523402,0.721798107616
1622113112607189815,0.0297109317034,-1.607640028,0.264175921679,-0.692300836061,0.00611513760814,0.0241525480032,0.72174889203
1622113112657592110,0.0297212805599,-1.60763955116,0.264175504446,-0.692300378602,0.00612569863767,0.0241608427388,0.721748701701
1622113112707088768,0.029792688787,-1.6076374054,0.264163047075,-0.692299247395,0.00606153762198,0.0241237434081,0.721752270209
1622113112757096628,0.0297904163599,-1.60763669014,0.264162391424,-0.692298791249,0.00605671176326,0.0241151406964,0.72175268119
1622113112807095324,0.0298161935061,-1.60765218735,0.264265656471,-0.692327865999,0.00606478422585,0.0241408800494,0.721723317749
1622113112857174066,0.0298161935061,-1.60765218735,0.264265656471,-0.692327865999,0.00606478422585,0.0241408800494,0.721723317749
1622113112907122786,0.0297858640552,-1.6076362133,0.264161646366,-0.692298358329,0.00604974801106,0.0241083806007,0.721753218625
1622113112957131561,0.0297837667167,-1.60763549805,0.264160871506,-0.692297774648,0.00604493998026,0.0240995311021,0.721753697994
1622113113007086322,0.029950985685,-1.60770273209,0.264591217041,-0.692418951622,0.00612472370352,0.0243117347381,0.721629151961
1622113113057085465,0.029950985685,-1.60770273209,0.264591217041,-0.692418951622,0.00612472370352,0.0243117347381,0.721629151961
1622113113107200104,0.0298228953034,-1.60762178898,0.264088064432,-0.692276516306,0.00607253071434,0.0241509816489,0.721772073141
1622113113157156279,0.0298228953034,-1.60762178898,0.264088064432,-0.692276516306,0.00607253071434,0.0241509816489,0.721772073141
1622113113207238286,0.0298081021756,-1.6076335907,0.264172524214,-0.692302935517,0.00606764221389,0.0241153623118,0.721747564239
1622113113257460814,0.0298081021756,-1.6076335907,0.264172524214,-0.692302935517,0.00606764221389,0.0241153623118,0.721747564239
1622113113307155594,0.0298207290471,-1.60763263702,0.264171719551,-0.692301858541,0.00607799840576,0.0241194066675,0.721747718438
1622113113357314124,0.0298185199499,-1.60763144493,0.264167308807,-0.692302032648,0.00607584412965,0.0241215025679,0.721747795215
1622113113407074574,0.0298185199499,-1.60763144493,0.264167308807,-0.692302032648,0.00607584412965,0.0241215025679,0.721747795215
1622113113457246659,0.0298159606755,-1.60763168335,0.264167279005,-0.692302355608,0.00607371182832,0.0241242112225,0.721747867476
1622113113507067541,0.0298159606755,-1.60763168335,0.264167279005,-0.692302355608,0.00607371182832,0.0241242112225,0.721747867476
1622113113557088495,0.0298134721816,-1.60763072968,0.264166176319,-0.692301794368,0.00606893882212,0.0241162264807,0.721748280395
1622113113607132320,0.0298394430429,-1.60761666298,0.264075279236,-0.692274273341,0.00608199815989,0.0241558386593,0.721773184758
1622113113657014074,0.0298394430429,-1.60761666298,0.264075279236,-0.692274273341,0.00608199815989,0.0241558386593,0.721773184758
1622113113707095814,0.0298090260476,-1.60761642456,0.264252632856,-0.692321569455,0.00606415782034,0.0241174386937,0.721729795603
1622113113757075250,0.0298090260476,-1.60761642456,0.264252632856,-0.692321569455,0.00606415782034,0.0241174386937,0.721729795603
1622113113807125628,0.0298085026443,-1.60763072968,0.264163136482,-0.69230143866,0.00606233894417,0.024116461328,0.721749081714
1622113113857077736,0.0298060346395,-1.60763049126,0.264162957668,-0.692301635269,0.00606021953001,0.0241185447084,0.721749156556
1622113113907148227,0.0298315938562,-1.60764718056,0.264266908169,-0.692331551702,0.00607100591886,0.0241552463389,0.721719411007
1622113113957003841,0.0298315938562,-1.60764718056,0.264266908169,-0.692331551702,0.00607100591886,0.0241552463389,0.721719411007
1622113114007088998,0.0298012178391,-1.60763120651,0.264163076878,-0.692302069555,0.00605600023719,0.0241229686402,0.721749284948
1622113114057107180,0.0297989174724,-1.60763120651,0.264163404703,-0.6923022575,0.00605389558775,0.0241250342974,0.721749368821
1622113114107023545,0.0298548154533,-1.60766386986,0.264371752739,-0.692361696644,0.00607967017446,0.0241943098693,0.721689688106
1622113114157102233,0.0298524908721,-1.60766363144,0.26437163353,-0.692361894495,0.00607756801631,0.0241963682919,0.721689761663
1622113114207130942,0.0298637524247,-1.60763263702,0.264175772667,-0.692303671364,0.00609016399588,0.0242041690433,0.721744472502
1622113114257069998,0.0298637524247,-1.60763263702,0.264175772667,-0.692303671364,0.00609016399588,0.0242041690433,0.721744472502
1622113114307105457,0.0298771671951,-1.60763156414,0.264173984528,-0.692302591288,0.00610042051841,0.0242082765176,0.721744629928
1622113114357151706,0.0298758875579,-1.60763001442,0.264169335365,-0.692300997499,0.00609597654409,0.0241986458393,0.721746033211
1622113114407033806,0.0298481956124,-1.60761380196,0.264065146446,-0.692271294928,0.00608301529669,0.024164083646,0.721775859598
1622113114457077010,0.0298631899059,-1.60761535168,0.26406276226,-0.692268551555,0.00610708194767,0.0241673633457,0.72177697637
1622113114507143525,0.0297601465136,-1.60762405396,0.264197349548,-0.692305849697,0.00610642226806,0.024115381934,0.721743385358
1622113114557066767,0.0297601465136,-1.60762405396,0.264197349548,-0.692305849697,0.00610642226806,0.024115381934,0.721743385358
1622113114607076624,0.029813695699,-1.6076259613,0.264209866524,-0.692307887058,0.00613243215094,0.0241900153614,0.721738635457
1622113114657095074,0.0298180226237,-1.60762584209,0.264203488827,-0.692306277101,0.00612931204199,0.0241955486126,0.721740529099
1622113114707063319,0.0297901257873,-1.60760951042,0.264099359512,-0.692276543321,0.00611640793885,0.024160927543,0.721770366036
1622113114757059782,0.029787607491,-1.60760974884,0.264099538326,-0.692276714952,0.00611431047896,0.0241635610323,0.721770445391
1622113114807133330,0.0297877267003,-1.60764026642,0.264294207096,-0.692333909134,0.00611196637346,0.0241590473389,0.721715920407
1622113114857065496,0.0297855082899,-1.60764026642,0.264294534922,-0.692334089431,0.00610983334549,0.0241604654234,0.721715990736
1622113114907025948,0.0297577213496,-1.60762405396,0.264190346003,-0.692304363038,0.00609689840137,0.0241258727029,0.721745817719
1622113114957158022,0.0297553278506,-1.60762429237,0.264190375805,-0.692304615173,0.00609481522984,0.0241284937062,0.721745877721
1622113115007084799,0.0298256129026,-1.60763025284,0.264146238565,-0.692295285503,0.00607601828845,0.0241461835859,0.721754850931
1622113115056991423,0.0298256129026,-1.60763025284,0.264146238565,-0.692295285503,0.00607601828845,0.0241461835859,0.721754850931
1622113115107103504,0.0297780465335,-1.60761058331,0.264099776745,-0.69227765552,0.00610592031976,0.0241724017013,0.721770648618
1622113115157084358,0.0297757275403,-1.6076104641,0.264099597931,-0.692277841383,0.00610382976157,0.0241744018105,0.721770713135
1622113115207036616,0.0298206284642,-1.60763072968,0.264146327972,-0.692295813681,0.00607185561806,0.0241509741618,0.721754924481
1622113115257063628,0.0298358295113,-1.607629776,0.264142692089,-0.692293634677,0.00608185614501,0.0241519212807,0.721756119997
1622113115307072176,0.0298635978252,-1.60761547089,0.264052212238,-0.692266159713,0.00609710834506,0.0241910562592,0.721780804737
1622113115357052951,0.02987697348,-1.60761487484,0.264051169157,-0.692265054338,0.00610716509543,0.0241944823262,0.721780988606
1622113115407025944,0.0298492070287,-1.60762929916,0.26414167881,-0.692292559798,0.00609191462065,0.0241553468524,0.72175629355
1622113115457061088,0.0298469457775,-1.60762929916,0.264141768217,-0.692292834605,0.00608982089281,0.0241575977044,0.721756308389
1622113115507062694,0.029745541513,-1.60761404037,0.264049142599,-0.692263683268,0.00613640080075,0.0241514921013,0.721783020845
1622113115557143126,0.029745541513,-1.60761404037,0.264049142599,-0.692263683268,0.00613640080075,0.0241514921013,0.721783020845
1622113115607021234,0.0298448465765,-1.60762834549,0.264140844345,-0.692292276924,0.00608514082962,0.0241490139631,0.721756760659
1622113115657052337,0.0298342779279,-1.60762810707,0.264148116112,-0.692294088945,0.00608319131927,0.0241376646936,0.721754936094
1622113115707044392,0.0298342779279,-1.60762810707,0.264148116112,-0.692294088945,0.00608319131927,0.0241376646936,0.721754936094
1622113115757103540,0.0298320017755,-1.60762810707,0.264147758484,-0.692294316944,0.00608110538248,0.024139664159,0.721755021258
1622113115807035003,0.0296599194407,-1.60760784149,0.264099836349,-0.692275214698,0.00614911762004,0.024126401046,0.721772397014
1622113115857007658,0.0296599194407,-1.60760784149,0.264099836349,-0.692275214698,0.00614911762004,0.024126401046,0.721772397014
1622113115907114064,0.029855851084,-1.60758888721,0.263926625252,-0.692235519127,0.00609339255215,0.0241730923739,0.721809502645
1622113115957001607,0.029855851084,-1.60758888721,0.263926625252,-0.692235519127,0.00609339255215,0.0241730923739,0.721809502645
1622113116007159494,0.0298115350306,-1.60758590698,0.263911306858,-0.692232182267,0.00607511113888,0.024103251246,0.721814833338
1622113116057057197,0.0298115350306,-1.60758590698,0.263911306858,-0.692232182267,0.00607511113888,0.024103251246,0.721814833338
1622113116107130152,0.0297643654048,-1.60759687424,0.264059066772,-0.692271701701,0.00610264525186,0.0241247859876,0.72177616734
1622113116157151279,0.0297619812191,-1.60759687424,0.264059245586,-0.692271861968,0.00610056563405,0.0241267755908,0.721776237017
1622113116207051460,0.0298345442861,-1.60760259628,0.264015465975,-0.692262376679,0.00608387373298,0.0241424527998,0.721785115012
1622113116257063286,0.0298343040049,-1.60760211945,0.264014810324,-0.692261175638,0.0060915138909,0.0241439159417,0.72178565694
1622113116307086631,0.0298320613801,-1.60760116577,0.264014482498,-0.69226067016,0.00608782998473,0.0241372970765,0.721786011773
1622113116356995486,0.0298320613801,-1.60760116577,0.264014482498,-0.69226067016,0.00608782998473,0.0241372970765,0.721786011773
1622113116407264689,0.0298642627895,-1.60758590698,0.263916283846,-0.692230774712,0.00609745462621,0.0241705093769,0.721812899894
1622113116457198419,0.0298620201647,-1.60758507252,0.263915240765,-0.692230278789,0.00609285435521,0.0241623397972,0.721813266326
1622113116507124288,0.0298620201647,-1.60758507252,0.263915240765,-0.692230278789,0.00609285435521,0.0241623397972,0.721813266326
1622113116557142359,0.0298599544913,-1.60758531094,0.263915598392,-0.692230414308,0.00609078011109,0.0241637413651,0.721813361805
1622113116607279906,0.0299135111272,-1.60761666298,0.264120995998,-0.692290121704,0.0061145026945,0.0242350074349,0.721753734125
1622113116657201560,0.0299135111272,-1.60761666298,0.264120995998,-0.692290121704,0.0061145026945,0.0242350074349,0.721753734125
1622113116707259737,0.0298552513123,-1.60758399963,0.263912886381,-0.692230852291,0.00608667766628,0.0241677302098,0.721813486315
1622113116757118103,0.0298552513123,-1.60758399963,0.263912886381,-0.692230852291,0.00608667766628,0.0241677302098,0.721813486315
1622113116807218268,0.0298673659563,-1.60759329796,0.264059603214,-0.692270053175,0.00610155890328,0.0242008739286,0.72177474347
1622113116857001600,0.0298673659563,-1.60759329796,0.264059603214,-0.692270053175,0.00610155890328,0.0242008739286,0.72177474347
1622113116907125972,0.0297507438809,-1.60759317875,0.264046430588,-0.692267726532,0.00608396976189,0.0241159558616,0.721780419579
1622113116957144508,0.0297547914088,-1.60759270191,0.264040112495,-0.692266131672,0.00608096611833,0.024121327472,0.721782233111
1622113117007025181,0.0297547914088,-1.60759270191,0.264040112495,-0.692266131672,0.00608096611833,0.024121327472,0.721782233111
1622113117057089631,0.0297523904592,-1.60759317875,0.264040112495,-0.692266367487,0.00607893921975,0.0241233004366,0.721782288594
1622113117107021795,0.0298805050552,-1.60760092735,0.26401001215,-0.692259140811,0.00609042974907,0.0242126977272,0.721786034998
1622113117157193232,0.029899187386,-1.60759985447,0.264002561569,-0.692256192448,0.00609902535747,0.024218233987,0.721787989805
1622113117207173751,0.0297710746527,-1.60759210587,0.264032661915,-0.69226342178,0.00608753506858,0.0241288308576,0.72178426212
1622113117257084770,0.0297686066478,-1.60759210587,0.26403221488,-0.69226366007,0.00608550593892,0.0241307880961,0.721784315023
1622113117307099423,0.0298688281327,-1.60758364201,0.263897925615,-0.692226744765,0.00608409337383,0.0241855695516,0.721817877035
1622113117357158202,0.0298673640937,-1.60758125782,0.263891667128,-0.692225776281,0.00607950376767,0.0241758839855,0.721818628603
1622113117407134080,0.029768710956,-1.60761356354,0.264155566692,-0.69229356472,0.00607927806011,0.0241188301531,0.721755654824
1622113117457237472,0.0297665335238,-1.60761284828,0.264154970646,-0.692293139522,0.00607475055779,0.0241107630924,0.721756033543
1622113117507103878,0.0297923553735,-1.60757434368,0.263934016228,-0.692233853915,0.00609845608114,0.0241545454521,0.721810507112
1622113117557062074,0.0297901406884,-1.60757362843,0.263933509588,-0.692233382509,0.00609486452901,0.0241480560551,0.721810826452
